0	file:/C:/Users/apovzner/Documents/Hakluyt/CC_ML_FR_trimmed_morphad_lem_AMER/07_17_AMER_1170_The_most_ancient_voyage_and_discovery_of_the_West_Indies_performed_by_Madoc_the_sonne_of_Owen_Guined_pp.133-135.txt	0.3250657786719177	8.40876656916595E-5	0.32284983403850054	0.10485440463922967	0.1179917555982563	0.0014626547981965176	1.452773296604892E-4	0.10453557849587937	0.013493258053258258	0.009517370709409455
1	file:/C:/Users/apovzner/Documents/Hakluyt/CC_ML_FR_trimmed_morphad_lem_AMER/07_18_AMER_1488_The_verses_of_Meredith_the_sonne_of_Rhesus_making_mention_of_Madoc_the_sonne_of_Owen_Guined_and_of_h_pp.135-135.txt	0.27470309798692344	0.5241305121253668	0.06676827298243379	0.022754288092087165	0.09571396610047175	0.006112138154404709	6.070845360660446E-4	0.00336062901426925	0.0022015448692505484	0.0036484661387265393
2	file:/C:/Users/apovzner/Documents/Hakluyt/CC_ML_FR_trimmed_morphad_lem_AMER/07_19_AMER_1488_The_offer_of_the_discovery_of_the_West_Indies_pp.135-138.txt	0.09548430424294738	0.5666244452343036	0.19538848693921165	5.041714284129352E-4	0.023865292764608484	6.566387278547479E-4	6.522025638039957E-5	3.610388222542458E-4	0.11665843986728626	3.9196171674032624E-4
3	file:/C:/Users/apovzner/Documents/Hakluyt/CC_ML_FR_trimmed_morphad_lem_AMER/07_20_AMER_1494_Another_testimony_concerning_the_foresaid_offer_made_by_Bartholomew_Columbus_to_K_Henry_the_seventh__pp.139-140.txt	0.11970449018230353	0.5469000998361807	0.13748536704323155	0.07631681138434492	0.0011862918660273036	0.001340944078889672	0.03183307308039138	0.05224960201747799	0.03218288227789248	8.004382332603395E-4
4	file:/C:/Users/apovzner/Documents/Hakluyt/CC_ML_FR_trimmed_morphad_lem_AMER/07_21_AMER_1495_The_letters_patents_of_K_Henry_the_7_granted_unto_John_Cabot_and_his_3_sonnes_Lewis_Sebastian_and_Sa_pp.141-144.txt	0.3006776598276153	0.5514722374754694	0.10128962797590595	0.02419517361148711	0.0022047061895051467	0.017541553013951827	5.7031300762059494E-5	3.157073400427422E-4	0.0019035556620579993	3.427476032024419E-4
5	file:/C:/Users/apovzner/Documents/Hakluyt/CC_ML_FR_trimmed_morphad_lem_AMER/07_22_AMER_1497_The_signed_bill_of_K_Henry_the_7_on_the_behalfe_of_John_Cabot_pp.145-145.txt	0.20169317538814419	0.5477315019923374	0.14554196173083622	0.015676031236329054	0.0037251770237448126	0.02909669660551116	4.18236602786667E-4	0.052086992022169744	0.0015167025221304539	0.0025135248760103017
6	file:/C:/Users/apovzner/Documents/Hakluyt/CC_ML_FR_trimmed_morphad_lem_AMER/07_23_AMER_1497_The_voyage_of_Sebastian_Cabota_to_the_North_part_of_America_for_the_discovery_of_a_Northwest_passage_pp.145-155.txt	0.1270699146105138	0.22247240918995478	0.1921637786359949	0.050550581670921024	0.11077142952554772	0.010035816884520746	2.1992336498492382E-5	0.04068791957065178	0.24609398768758148	1.321698878152616E-4
7	file:/C:/Users/apovzner/Documents/Hakluyt/CC_ML_FR_trimmed_morphad_lem_AMER/07_24_AMER_1497_A_briefe_extract_concerning_the_discovery_of_Newfoundland_pp.155-155.txt	0.4329684285801985	4.3850529324409416E-4	0.12840102454377705	0.005856472669674509	0.029287198888663976	0.05270624052013621	7.576007434680224E-4	0.0041938393888748485	0.34083764857614784	0.004553040795815012
8	file:/C:/Users/apovzner/Documents/Hakluyt/CC_ML_FR_trimmed_morphad_lem_AMER/07_25_AMER_1549_The_large_pension_granted_by_K_Edward_the_6_to_Sebastian_Cabota_constituting_him_Grand_pilote_of_Eng_pp.156-158.txt	0.3412416942289739	0.5456904331388325	0.06070379426675859	0.044214392871368476	0.0033286144631087663	0.003428595011583647	8.610454012881705E-5	4.766476472820806E-4	3.1225142015337486E-4	5.174724118099317E-4
9	file:/C:/Users/apovzner/Documents/Hakluyt/CC_ML_FR_trimmed_morphad_lem_AMER/07_26_AMER_1576_A_discourse_written_by_sir_Humfrey_Gilbert_knight_to_proove_a_passage_by_the_Northwest_to_Cataya_and_pp.158-203.txt	0.07768319287021239	3.0830376020539905E-6	0.24177623668120618	0.03300280922058219	0.013200402247511745	3.705663851497193E-4	5.326529954008553E-6	0.029346323575426037	0.5890500475409055	0.015562011911450133
10	file:/C:/Users/apovzner/Documents/Hakluyt/CC_ML_FR_trimmed_morphad_lem_AMER/07_27_AMER_1576_The_first_voyage_of_M_Martin_Frobisher_to_the_Northwest_for_the_search_of_a_passage_to_China_anno_15_pp.204-211.txt	1.8081062923704804E-4	1.67952823325209E-5	0.03081644552516014	2.2430997635671188E-4	0.03910624752988572	0.43797732136609496	2.9017023461083482E-5	0.0018871978609913092	0.13391430589691136	0.3558475489095692
11	file:/C:/Users/apovzner/Documents/Hakluyt/CC_ML_FR_trimmed_morphad_lem_AMER/07_28_AMER_1577_The_second_voyage_of_M_Martin_Frobisher_to_the_West_and_Northwest_regions_in_the_yeere_1577_pp.211-230.txt	7.203942597193322E-5	6.691655813470529E-6	0.26989946215059035	0.001465186012407548	0.3096614315959574	0.2058007953033425	1.1561099711732305E-5	6.399861109932915E-5	0.21294935406726023	6.948007784554685E-5
12	file:/C:/Users/apovzner/Documents/Hakluyt/CC_ML_FR_trimmed_morphad_lem_AMER/07_29_AMER_1578_The_third_and_last_voyage_of_M_Martin_Frobisher_for_the_discovery_of_a_Northwest_passage_in_the_yere_pp.231-250.txt	0.01438157342928269	7.13590626440756E-6	0.29882139636072935	0.008164650786445935	0.13068651448250362	0.2935549227451432	1.232862630058137E-5	0.019874826255854586	0.21975101874077144	0.014745632666704258
13	file:/C:/Users/apovzner/Documents/Hakluyt/CC_ML_FR_trimmed_morphad_lem_AMER/07_30_AMER_1578_Experiences_and_reasons_of_the_Sphere_to_proove_all_parts_of_the_worlde_habitable_and_thereby_to_con_pp.250-309.txt	0.002965752750309279	2.2014587162601905E-6	0.29269994026609303	2.940165832392304E-5	0.15019172603885464	0.15438290987484962	3.803435866906359E-6	0.015749721587119653	0.38395168498151383	2.2857948352873592E-5
14	file:/C:/Users/apovzner/Documents/Hakluyt/CC_ML_FR_trimmed_morphad_lem_AMER/07_31_AMER_1578_A_letter_of_M_Martin_Frobisher_to_certaine_Englishmen_which_were_trecherously_taken_by_the_Salvages__pp.309-322.txt	0.0045969838434530685	9.71120106419502E-6	0.42014109856560733	6.288579852480443E-4	0.07951583145806086	0.2727101179760809	1.6777934632835093E-5	0.00608279379502603	0.18175497549208897	0.034542851748737835
15	file:/C:/Users/apovzner/Documents/Hakluyt/CC_ML_FR_trimmed_morphad_lem_AMER/07_32_AMER_1578_Articles_and_orders_prescribed_by_M_Martin_Frobisher_to_the_Captaines_and_company_of_every_ship_whic_pp.322-367.txt	7.870005028407139E-4	2.93911770144749E-6	0.36479270659432905	6.435408910768319E-4	0.038417478065301366	0.31473378908447874	5.077881134075986E-6	2.8109552552216087E-5	0.28055884118113567	3.0517129449891083E-5
16	file:/C:/Users/apovzner/Documents/Hakluyt/CC_ML_FR_trimmed_morphad_lem_AMER/07_33_AMER_1578_A_generall_and_briefe_description_of_the_country_and_condition_of_the_people_which_are_founde_in_Met_pp.367-375.txt	1.7390468612720893E-4	1.6153797565881363E-5	0.17245306031542115	0.0010460543988568905	0.4428047658682849	0.06587561744657727	2.7908737327216916E-5	0.030045718594965458	0.2873890897888349	1.6772636603922146E-4
17	file:/C:/Users/apovzner/Documents/Hakluyt/CC_ML_FR_trimmed_morphad_lem_AMER/07_34_AMER_1583_The_letters_patents_of_her_Majesty_graunted_to_M_Adrian_Gilbert_and_others_for_the_search_and_discov_pp.375-381.txt	0.8563060763882323	2.4067164920477718E-5	0.1282793189697221	0.0015584919663877417	3.7035257058074303E-4	0.012789255077437478	4.158057455140422E-5	2.3017698024881445E-4	1.507887207230314E-4	2.498915871958379E-4
18	file:/C:/Users/apovzner/Documents/Hakluyt/CC_ML_FR_trimmed_morphad_lem_AMER/07_35_AMER_1585_The_first_voyage_of_M_John_Davis_for_the_discovery_of_a_Northwest_passage_1585_pp.381-393.txt	6.3442408229882E-4	1.020532762937005E-5	0.08901578883922891	1.3629760750279106E-4	0.20578378231705993	0.44552726571345874	1.763163163241845E-5	6.221611757074725E-4	0.18261012707180657	0.07564231623367501
19	file:/C:/Users/apovzner/Documents/Hakluyt/CC_ML_FR_trimmed_morphad_lem_AMER/07_36_AMER_1586_The_second_voyage_of_M_John_Davis_for_the_discovery_of_the_Northwest_pass_1586_pp.393-407.txt	9.896443000023969E-5	9.192687121020514E-6	0.22051788850159132	5.95281125756384E-4	0.2009573060897566	0.3342229680329725	1.588210383010662E-5	0.025130835637947734	0.16449033527055282	0.053961346120471265
20	file:/C:/Users/apovzner/Documents/Hakluyt/CC_ML_FR_trimmed_morphad_lem_AMER/07_37_AMER_1586_A_letter_of_M_J_Davis_to_M_Wil_Sanderson_of_London_concerning_his_second_voyage_pp.407-408.txt	0.030173358136409464	1.82905655289713E-4	0.47662170334377607	0.0024428028300603364	0.012216031110368779	0.1254000651081249	3.160040769561649E-4	0.039355000795529595	0.31139300269997167	0.0018991262435132693
21	file:/C:/Users/apovzner/Documents/Hakluyt/CC_ML_FR_trimmed_morphad_lem_AMER/07_38_AMER_1586_The_voyage_and_course_which_the_Sunshine_a_barke_of_50_tunnes_pp.408-413.txt	0.008308429848629959	2.603152427284878E-5	0.01297455047593362	3.476649262909684E-4	0.09272471852613068	0.6186231169363127	4.497437647061223E-5	2.4896400004721094E-4	0.17410712385537355	0.09259442553053789
22	file:/C:/Users/apovzner/Documents/Hakluyt/CC_ML_FR_trimmed_morphad_lem_AMER/07_39_AMER_1587_The_third_voyage_Northwestward_made_by_M_John_Davis_Gentleman_for_the_discovery_of_a_passage_to_the__pp.414-422.txt	0.004974054735760646	1.5584440014232412E-5	0.10869941714868275	2.0813852973201977E-4	0.030679588104198154	0.5241555478498435	2.6925064584666307E-5	9.500952712280468E-4	0.1891446354317288	0.14114601342422717
23	file:/C:/Users/apovzner/Documents/Hakluyt/CC_ML_FR_trimmed_morphad_lem_AMER/07_40_AMER_1587_A_letter_of_M_John_Davis_to_M_Wil_Sanderson_of_London_concerning_his_3_voyage_pp.423-423.txt	0.2520886869819037	3.451514233590108E-4	0.2962157563688256	0.022350605992425113	0.005311291018405283	0.1656720207357218	5.963142953448362E-4	0.003301008349752077	0.21505357750979665	0.03906558732446605
24	file:/C:/Users/apovzner/Documents/Hakluyt/CC_ML_FR_trimmed_morphad_lem_AMER/07_41_AMER_1587_A_traverse-booke_of_M_John_Davis_contayning_all_the_principall_notes_and_observations_taken_in_his_t_pp.424-439.txt	2.308272988691946E-4	2.1441270742322862E-5	0.00738042051642182	2.8635963588153723E-4	0.003636214771381443	0.2714871168282816	3.7043846232982116E-5	2.0506307944754675E-4	0.534648023516661	0.18206748923608057
25	file:/C:/Users/apovzner/Documents/Hakluyt/CC_ML_FR_trimmed_morphad_lem_AMER/07_42_AMER_1587_A_report_of_M_John_Davis_concerning_his_three_voyages_made_for_the_discovery_of_the_Northwest_passag_pp.440-444.txt	0.010143045821102157	2.4037429127690844E-5	0.3665788253539918	3.210327193409663E-4	0.08932831978448638	0.15980196117263903	4.152920035120635E-5	2.298925888378775E-4	0.288029949328627	0.08550140660149584
26	file:/C:/Users/apovzner/Documents/Hakluyt/CC_ML_FR_trimmed_morphad_lem_AMER/07_43_AMER_1385_The_voyage_of_M_Nicolas_Zeno_and_M_Anthony_his_brother_pp.445-464.txt	0.03842373799329438	6.5453220498664635E-6	0.3423859841316169	0.05458943712709188	0.19253995544597444	0.04485933822806089	1.1308280487406084E-5	0.10469302182858875	0.222422710961918	6.796068091748381E-5
27	file:/C:/Users/apovzner/Documents/Hakluyt/CC_ML_FR_trimmed_morphad_lem_AMER/07_44_AMER_1385_A_testimony_of_Ortelius_for_the_credit_of_the_history_of_M_Nicolas_andamp_M_Antonio_Zeni_pp.464-466.txt	0.2673003064002616	6.914495550929271E-5	0.15885577499958498	0.03291017851738704	0.2676199449856886	0.0012027352658070414	1.1946097460616915E-4	0.004215377337822707	0.2634350591673752	0.004272017395957484
28	file:/C:/Users/apovzner/Documents/Hakluyt/CC_ML_FR_trimmed_morphad_lem_AMER/08_01_AMER_1527_The_voyage_of_two_ships_whereof_the_one_was_called_The_Dominus_vobiscum_set_out_the_20_of_May_1527_f_pp.001-002.txt	0.3747387801256877	9.566504247175425E-5	0.3476316279714068	0.0012776577964070575	0.021141010713498862	0.09509125944214052	1.6527943543011512E-4	9.149349607351215E-4	0.1186127074378716	0.040331077074350456
29	file:/C:/Users/apovzner/Documents/Hakluyt/CC_ML_FR_trimmed_morphad_lem_AMER/08_02_AMER_1536_The_voyage_of_M_Hore_and_divers_other_gentlemen_to_Newfoundland_and_Cape_Briton_in_the_yere_1536_pp.003-007.txt	0.0996819002798189	2.723404410114164E-5	0.3383370170868981	0.0059630891950475185	0.2677887151649159	0.21884891491985092	4.70519566731449E-5	0.05065474059140443	0.018368563176254727	2.827735850351519E-4
30	file:/C:/Users/apovzner/Documents/Hakluyt/CC_ML_FR_trimmed_morphad_lem_AMER/08_03_AMER_1578_An_act_against_the_exaction_of_money_or_any_other_thing_by_any_officer_for_licence_to_traffique_into_pp.007-009.txt	0.7070734420234744	9.473339218077356E-5	0.22738211674040057	0.0012652151085971626	0.006327120198869998	0.025994506170479256	1.6366983353026697E-4	0.025252700019656817	0.005462870987713714	9.83625525096929E-4
31	file:/C:/Users/apovzner/Documents/Hakluyt/CC_ML_FR_trimmed_morphad_lem_AMER/08_04_AMER_1578_A_letter_written_to_M_Richard_Hakluyt_of_the_Midle_Temple_contayning_a_report_of_the_true_state_and__pp.009-016.txt	0.04049694333518256	1.7427155142416852E-5	0.34459707321021577	0.05218699684170724	0.31288942424953425	0.10421163070304248	9.258715973667029E-4	0.06376583780011798	0.051167671842782696	0.02974112326490797
32	file:/C:/Users/apovzner/Documents/Hakluyt/CC_ML_FR_trimmed_morphad_lem_AMER/08_05_AMER_1578_The_letters_patents_granted_by_her_Majestie_to_sir_Humfrey_Gilbert_knight_for_inhabiting_some_part_o_pp.017-023.txt	0.8487580622263164	2.2959475337586964E-5	0.145977800532811	0.002666888895114264	3.5330711941170857E-4	3.9936638138745597E-4	3.966683151464073E-5	2.1958310082490588E-4	0.001323975092916473	2.3839034436547247E-4
33	file:/C:/Users/apovzner/Documents/Hakluyt/CC_ML_FR_trimmed_morphad_lem_AMER/08_06_AMER_1583_A_learned_and_stately_Poeme_written_in_Latine_Hexamiters_by_Stephanus_Parmenius_Budeius_concerning_t_pp.023-033.txt	1.0397561843562424E-4	0.9953596365812093	3.4588978219333966E-4	1.289900301292162E-4	0.002134358367760857	1.6799811436482632E-4	1.668631414125391E-5	0.001581671899217848	6.051162087314962E-5	1.0028167167462762E-4
34	file:/C:/Users/apovzner/Documents/Hakluyt/CC_ML_FR_trimmed_morphad_lem_AMER/08_07_AMER_1583_The_voyage_of_Sir_Humfrey_Gilbert_to_Newfoundland_An_1583_pp.034-043.txt	0.2637969687386716	1.3018957351658899E-5	0.5793067139399488	8.430548637675718E-4	0.008230496243993498	0.01494841098905805	2.2492708573314573E-5	1.2451255887822562E-4	0.09443590953961929	0.03827842146013809
35	file:/C:/Users/apovzner/Documents/Hakluyt/CC_ML_FR_trimmed_morphad_lem_AMER/08_08_AMER_1583_Orders_agreed_upon_by_the_Captaines_and_Masters_to_bee_observed_by_the_fleete_of_sir_Humfrey_Gilbert_pp.043-055.txt	0.12908795046218546	1.1102183476373051E-5	0.30912291516780466	7.189323634279847E-4	0.04011681730180129	0.3688373870325774	1.9181119556375838E-5	1.0618064384415702E-4	0.09251595501497575	0.059463578710350594
36	file:/C:/Users/apovzner/Documents/Hakluyt/CC_ML_FR_trimmed_morphad_lem_AMER/08_09_AMER_1583_A_briefe_relation_of_Newfound-land_and_the_commodities_thereof_pp.055-064.txt	0.08228473408416144	1.4525593409214427E-5	0.2857295961147135	1.939970671334973E-4	0.2264498190996296	0.13315127959190395	7.717171427340312E-4	1.3892193942670222E-4	0.16658758779446592	0.10467782157242224
37	file:/C:/Users/apovzner/Documents/Hakluyt/CC_ML_FR_trimmed_morphad_lem_AMER/08_10_AMER_1583_Reckonings_of_the_Master_and_Masters_mate_of_the_Admirall_of_sir_Humfrey_Gilbert_in_their_course_fro_pp.064-065.txt	0.016946874496148307	2.726069380915281E-4	0.037787136966128385	0.0036408114271222363	0.004194955268472017	0.2289355629944373	4.7097999078820555E-4	0.00260719706754467	0.0017079723179221982	0.7034359025333451
38	file:/C:/Users/apovzner/Documents/Hakluyt/CC_ML_FR_trimmed_morphad_lem_AMER/08_11_AMER_1583_The_maner_how_the_sayd_Admirall_was_lost_pp.065-077.txt	0.1020871319539433	9.969985031704492E-6	0.4974445216388181	1.3315448126811796E-4	0.045762477091850065	0.27126545170730615	1.722503283028752E-5	9.535236307667555E-5	0.05643320867137153	0.026751507074504115
39	file:/C:/Users/apovzner/Documents/Hakluyt/CC_ML_FR_trimmed_morphad_lem_AMER/08_12_AMER_1583_A_letter_of_the_learned_Hungarian_Stephanus_Parmenius_Budeius_to_master_Richard_Hakluyt_the_collecto_pp.078-084.txt	0.03707996604673256	0.5119996654905061	0.16978799486702292	2.337961049874566E-4	0.10014639253179479	0.08218565263732404	3.0244161110081494E-5	0.015463901456617498	0.08289062487149271	1.817618324119493E-4
40	file:/C:/Users/apovzner/Documents/Hakluyt/CC_ML_FR_trimmed_morphad_lem_AMER/08_13_AMER_1583_A_relation_of_Richard_Clarke_of_Weymouth_master_of_the_ship_called_The_Delight_which_went_as_Admiral_pp.085-088.txt	0.029003044336091518	3.2787639385264396E-5	0.21015118901553226	0.0021231945161631688	0.098251833255717	0.504474441344851	5.664684179994734E-5	0.05761371313287177	2.0542536749833194E-4	0.09808772455008968
41	file:/C:/Users/apovzner/Documents/Hakluyt/CC_ML_FR_trimmed_morphad_lem_AMER/08_14_AMER_1583_A_discourse_of_the_necessitie_and_commoditie_of_planting_English_colonies_upon_the_North_partes_of_A_pp.089-131.txt	0.3232999749054475	3.1027049527920386E-6	0.4361302639253883	0.0521914971011847	0.12523978255331852	0.006433181790087249	5.360509018276992E-6	0.0022623983223264894	0.045630805896675	0.00880363229160122
42	file:/C:/Users/apovzner/Documents/Hakluyt/CC_ML_FR_trimmed_morphad_lem_AMER/08_15_AMER_1582_A_letter_of_the_right_honourable_sir_Francis_Walsingham_to_master_Richard_Hakluyt_then_of_Christchur_pp.131-131.txt	0.5182025495833236	3.451514233590108E-4	0.3849203772359655	0.0400915301658531	0.005311291018405283	0.04148555152172588	5.963142953448362E-4	0.003301008349752077	0.0021624874286607747	0.0035837389776100723
43	file:/C:/Users/apovzner/Documents/Hakluyt/CC_ML_FR_trimmed_morphad_lem_AMER/08_16_AMER_1582_A_letter_of_the_right_honourable_sir_Francis_Walsingham_to_master_Thomas_Aldworth_marchant_and_at_th_pp.132-132.txt	0.4173374413671392	2.3060121874798466E-4	0.48237843691121624	0.003079802583909616	0.0035485589775346564	0.08698214867465619	3.9840717423416907E-4	0.0022054567851465	0.0014447926412219196	0.0023943536661934616
44	file:/C:/Users/apovzner/Documents/Hakluyt/CC_ML_FR_trimmed_morphad_lem_AMER/08_17_AMER_1583_A_letter_written_from_master_Aldworth_marchant_and_mayor_of_the_citie_of_Bristol_to_the_right_honour_pp.133-134.txt	0.36855362812534476	1.1908840966269352E-4	0.5306875248075422	0.03831764685402673	0.0018325672670911207	0.044919822240962456	2.057477277672432E-4	0.001138954696548796	7.461281378721449E-4	0.013478891733181909
45	file:/C:/Users/apovzner/Documents/Hakluyt/CC_ML_FR_trimmed_morphad_lem_AMER/08_18_AMER_1583_A_briefe_and_summarie_discourse_upon_a_voyage_intended_to_the_hithermost_parts_of_America_pp.134-147.txt	0.16988440060343193	1.1083209351140094E-5	0.6435673257341248	0.03774700044356937	0.05599933756165995	0.02241036387759293	1.9148338170142625E-5	0.02118421425945147	0.04906204799046253	1.150779821857462E-4
46	file:/C:/Users/apovzner/Documents/Hakluyt/CC_ML_FR_trimmed_morphad_lem_AMER/08_19_AMER_1583_Articles_set_downe_by_the_committies_appointed_on_the_behalfe_of_the_company_of_the_Moscovian_marcha_pp.147-150.txt	0.5273212048606498	5.88893780300607E-5	0.4198264722647321	0.03408281812521802	9.062069672683824E-4	0.001024345611570716	1.0174252686411392E-4	0.003590152712630352	3.6896136319622576E-4	0.012719206189840281
47	file:/C:/Users/apovzner/Documents/Hakluyt/CC_ML_FR_trimmed_morphad_lem_AMER/08_20_AMER_1591_The_first_discovery_of_the_isle_of_Ramea_made_by_for_Monsieur_de_la_court_pre_Ravillon_andamp_grand__pp.150-154.txt	3.0966189298180474E-4	2.876412156850471E-5	0.04242778743349616	0.004819623025253418	0.016705994316079227	0.1527845575717903	4.9695454584566154E-5	0.08898435442130849	1.8021670223176782E-4	0.6937093450607057
48	file:/C:/Users/apovzner/Documents/Hakluyt/CC_ML_FR_trimmed_morphad_lem_AMER/08_21_AMER_1591_A_letter_sent_to_the_right_honourable_sir_William_Cecil_Lord_Burghley_Lord_high_Treasurer_of_England_pp.155-155.txt	0.29704056226147924	1.4372129051101846E-4	0.21937977470858308	0.12750413653711165	0.15734561929151625	0.03943661138924292	2.483056834680471E-4	0.038311207401789706	9.004612553421378E-4	0.11968960018095595
49	file:/C:/Users/apovzner/Documents/Hakluyt/CC_ML_FR_trimmed_morphad_lem_AMER/08_22_AMER_1591_A_briefe_note_of_the_Morse_and_of_the_use_thereof_pp.156-157.txt	0.19340679431343463	1.2056440563276133E-4	0.11586486931783566	0.0016102021056579978	0.4976200568460189	0.10125010124048528	2.0829778967415094E-4	0.013547190450098534	7.553757391103574E-4	0.07561654779205171
50	file:/C:/Users/apovzner/Documents/Hakluyt/CC_ML_FR_trimmed_morphad_lem_AMER/08_23_AMER_1593_The_voyage_of_the_ship_called_The_Marigolde_of_M_Hill_of_Redriffe_unto_Cape_Briton_and_beyond_to_the_pp.157-161.txt	3.0163455976595956E-4	2.8018472220862716E-5	0.11621630408726086	3.7420167860134927E-4	0.2798223747661266	0.4094930656661154	4.840720445658979E-5	2.6796705587437596E-4	1.755449633040459E-4	0.1932724815462739
51	file:/C:/Users/apovzner/Documents/Hakluyt/CC_ML_FR_trimmed_morphad_lem_AMER/08_24_AMER_1593_The_voyage_of_M_George_Drake_of_Apsham_to_the_isle_of_Ramea_in_the_yeere_1593_pp.161-162.txt	0.34598178978211624	1.0166388978325285E-4	0.3433026625983079	0.022260037489900516	0.0015644336605857968	0.26304665623367923	1.7564357755829843E-4	9.723075911922971E-4	6.369577777356119E-4	0.021957847399140838
52	file:/C:/Users/apovzner/Documents/Hakluyt/CC_ML_FR_trimmed_morphad_lem_AMER/08_25_AMER_1594_The_voyage_of_The_Grace_of_Bristoll_up_into_the_gulfe_of_S_Laurence_to_the_Northwest_of_Newfoundland_pp.162-165.txt	0.021458951794361688	3.724412891805939E-5	0.026220555397291647	4.974152569534268E-4	0.1518078355108591	0.32991835153923527	6.434626945867702E-5	0.00801365447600499	2.3334674327259156E-4	0.46174829888364444
53	file:/C:/Users/apovzner/Documents/Hakluyt/CC_ML_FR_trimmed_morphad_lem_AMER/08_26_AMER_1597_The_voyage_of_M_Charles_Leigh_and_divers_others_to_Cape_Briton_and_the_isle_of_Ramea_1597_pp.166-180.txt	0.007023957646514351	8.984666171098E-6	0.23169134092182173	1.1999502101310889E-4	0.00337096725335767	0.6596288339174587	1.5522708336491694E-5	0.015325840723228953	0.001903553942532549	0.08091100319956543
54	file:/C:/Users/apovzner/Documents/Hakluyt/CC_ML_FR_trimmed_morphad_lem_AMER/08_27_AMER_1597_Certaine_observations_touching_the_countries_and_places_where_master_Charles_Leigh_touched_in_his_vo_pp.180-182.txt	0.024900844099370836	7.80179816640184E-5	0.034875320973350846	0.0010419718630492142	0.3661247715284106	0.06150941824484191	1.3479080372157156E-4	0.008766471750826194	0.04059036969011135	0.46197802306465346
55	file:/C:/Users/apovzner/Documents/Hakluyt/CC_ML_FR_trimmed_morphad_lem_AMER/08_28_AMER_1534_The_first_voyage_of_Jaques_Cartier_of_Saint_Malo_to_Newfound-land_the_gulfe_of_Saint_Laurence_and_th_pp.183-209.txt	5.754985622134662E-5	5.345737070392605E-6	0.041407408252396395	8.95714385369089E-4	0.16439655728838098	0.10615539071105339	9.235770790706529E-6	0.3256572136045884	0.026411707470647503	0.33500387692348177
56	file:/C:/Users/apovzner/Documents/Hakluyt/CC_ML_FR_trimmed_morphad_lem_AMER/08_29_AMER_1534_Divers_words_of_the_language_spoken_in_New_France_with_the_interpretation_thereof_pp.209-210.txt	0.0015028325596155242	0.25845066649193016	0.04087592521346363	0.0018643834012297288	0.43984190667875644	0.03830473213455425	2.4117900493157842E-4	0.21659431625028028	8.746169097285415E-4	0.0014494413555098317
57	file:/C:/Users/apovzner/Documents/Hakluyt/CC_ML_FR_trimmed_morphad_lem_AMER/08_30_AMER_1535_The_second_voyage_of_Jaques_Cartier_by_the_Grand_bay_up_the_river_of_Canada_to_Hochelaga_Anno_1535_pp.210-262.txt	2.8161181659982125E-5	2.615858364038572E-6	0.1141125301606335	1.6939237583790047E-4	0.19553955186035732	0.09147570956418363	4.519389553410727E-6	0.5149922203691287	0.017899062302532014	0.06577623693774945
58	file:/C:/Users/apovzner/Documents/Hakluyt/CC_ML_FR_trimmed_morphad_lem_AMER/08_31_AMER_1540_The_third_voyage_of_Jaques_Cartier_unto_the_countries_of_Canada_Hochelaga_and_Saguenay_Anno_1540_pp.263-266.txt	0.04050576451128798	3.1259856304941105E-5	0.30479892865849206	0.0036310308670701908	0.04868411737041397	0.11623114230662522	5.400730787562936E-5	0.4855433218555216	1.9585330294542621E-4	3.2457396346293447E-4
59	file:/C:/Users/apovzner/Documents/Hakluyt/CC_ML_FR_trimmed_morphad_lem_AMER/08_32_AMER_1540_A_description_of_the_river_and_haven_of_Saincte_Croix_pp.267-268.txt	6.320639476597602E-4	5.871166146563153E-5	0.056423112173497984	0.012855339178007682	0.5773039189732345	0.007056861110275924	1.0143548792202487E-4	0.21784335875641236	0.027528078385966916	0.10019712032555722
60	file:/C:/Users/apovzner/Documents/Hakluyt/CC_ML_FR_trimmed_morphad_lem_AMER/08_33_AMER_1540_A_description_of_the_3_saults_or_falles_of_water_in_the_river_of_Canada_pp.269-272.txt	4.1858296406576333E-4	3.8881669129369164E-5	0.20524291136923153	5.19285482104142E-4	0.08853380434622404	0.022660193910386907	6.717542956383563E-5	0.6818718464097535	2.4360647242688954E-4	4.037119471140688E-4
61	file:/C:/Users/apovzner/Documents/Hakluyt/CC_ML_FR_trimmed_morphad_lem_AMER/08_34_AMER_1587_A_letter_written_to_M_John_Groute_student_in_Paris_by_Jaques_Noel_of_Saint_Malo_the_nephew_of_Jaques_pp.272-273.txt	0.240007438664541	1.0328302643294293E-4	0.17888895540380115	0.03854092833267942	0.001589349408756201	0.0017965466509481884	1.7844094203366565E-4	0.4628525016303835	6.471022025105801E-4	0.07539545373791338
62	file:/C:/Users/apovzner/Documents/Hakluyt/CC_ML_FR_trimmed_morphad_lem_AMER/08_35_AMER_1587_Part_of_another_letter_pp.273-274.txt	0.2327829620535915	1.4060519822738264E-4	0.26521344589656937	0.04524084540869513	0.002163673900627115	0.0024457435718667174	2.4292204530639017E-4	0.3771573009720361	0.01533526717735467	0.05927723377572558
63	file:/C:/Users/apovzner/Documents/Hakluyt/CC_ML_FR_trimmed_morphad_lem_AMER/08_36_AMER_1542_An_excellent_ruttier_shewing_the_course_from_Belle_isle_Carpont_and_the_Grand_bay_up_the_river_of_Ca_pp.275-283.txt	1.485039435055137E-4	1.3794353070902215E-5	0.01680183345340135	1.842309614050879E-4	0.11223986214291021	0.007330298381006799	2.383235117838949E-5	0.09230652826349639	0.017812310757927153	0.7531388053920983
64	file:/C:/Users/apovzner/Documents/Hakluyt/CC_ML_FR_trimmed_morphad_lem_AMER/08_37_AMER_1542_The_voyage_of_John_Francis_de_la_Roche_knight_lord_of_Roberval_with_three_tall_ships_to_the_countrie_pp.283-286.txt	0.05070295807969672	3.4968111961404254E-5	0.23850585107411154	0.0633751512739185	0.09400161207098566	0.21449590315154488	6.041402014476071E-5	0.31307772497153646	0.003813837229179717	0.021931580016920284
65	file:/C:/Users/apovzner/Documents/Hakluyt/CC_ML_FR_trimmed_morphad_lem_AMER/08_38_AMER_1542_A_description_of_the_Salvages_in_Canada_pp.287-287.txt	0.007541739729308013	1.2131620942594226E-4	0.08540885455640022	0.0016202428473219093	0.8000367985669817	0.002110223114844635	2.095966727695915E-4	0.08222439671758047	0.019467194223584294	0.0012596373617831853
66	file:/C:/Users/apovzner/Documents/Hakluyt/CC_ML_FR_trimmed_morphad_lem_AMER/08_39_AMER_1543_The_voyage_of_Monsieur_Roberval_from_his_Fort_in_Canada_unto_Saguenay_the_fifth_of_June_1543_pp.288-289.txt	0.29344341170505006	9.807635874740783E-5	0.27069416633869076	0.0013098622146521198	0.006550392593122882	0.16806442177002437	1.6944543988049878E-4	0.24795507719393173	6.144807133519725E-4	0.011100665672548193
67	file:/C:/Users/apovzner/Documents/Hakluyt/CC_ML_FR_trimmed_morphad_lem_AMER/08_40_AMER_1584_The_letters_patents_granted_by_the_Queenes_Majestie_to_sir_Walter_Ralegh_for_the_discovering_and_pla_pp.289-296.txt	0.8522118266819472	2.0514317105079103E-5	0.13992132791588702	0.0034373125155766427	0.001370124590006109	0.0014112785925215559	3.544235868983097E-5	0.0012506420286008762	1.2852895814701877E-4	2.1300204151861475E-4
68	file:/C:/Users/apovzner/Documents/Hakluyt/CC_ML_FR_trimmed_morphad_lem_AMER/08_41_AMER_1584_The_first_voyage_made_to_the_coast_of_Virginia_pp.297-310.txt	0.022886607140373806	9.848853283016343E-6	0.26207625640993054	0.022912115415805356	0.44715713490719716	0.14039843278997796	0.002548191167494157	0.06185487393456235	0.016767464035445927	0.023389075345929686
69	file:/C:/Users/apovzner/Documents/Hakluyt/CC_ML_FR_trimmed_morphad_lem_AMER/08_42_AMER_1585_The_second_voyage_made_to_Virginia_by_sir_Richard_Grinvile_for_sir_Walter_Ralegh_Anno_1585_at_what_t_pp.310-317.txt	2.1385759489175608E-4	1.9864975307684862E-5	0.22330421849443716	0.14934121298822342	0.04114840191687718	0.5690803300204361	3.432049805086053E-5	1.8998748062550798E-4	1.2446061776440225E-4	0.016543345413385927
70	file:/C:/Users/apovzner/Documents/Hakluyt/CC_ML_FR_trimmed_morphad_lem_AMER/08_43_AMER_1585_The_names_of_those_aswell_gentlemen_as_others_that_remained_one_whole_yeere_in_Virginia_under_the_go_pp.317-318.txt	0.8641590779618488	8.482088120152384E-5	0.020477017164125304	0.0011328282240322147	0.0013052485199525794	0.08431213964940791	1.4654409798450644E-4	8.112220264214924E-4	0.026690398463232037	8.807030117936165E-4
71	file:/C:/Users/apovzner/Documents/Hakluyt/CC_ML_FR_trimmed_morphad_lem_AMER/08_44_AMER_1585_An_extract_of_M_Ralph_Lanes_letter_to_M_Richard_Hakluyt_esquire_and_another_Gentleman_of_the_middle__pp.319-320.txt	0.28472673892480144	1.0609932138499768E-4	0.21103459567793095	0.03413830396927206	0.4651843070249046	0.0018455344221138719	1.8330662366253993E-4	0.0010147278037750062	6.647472186311842E-4	0.0011016390135233304
72	file:/C:/Users/apovzner/Documents/Hakluyt/CC_ML_FR_trimmed_morphad_lem_AMER/08_45_AMER_1585_An_account_of_the_particular_employments_of_the_Englishmen_left_in_Virginia_by_S_Richard_Grinvile_un_pp.320-345.txt	0.03161245887033556	5.736654022864487E-6	0.5280162331186131	0.016589132270243744	0.11390669246414142	0.22065982333300532	9.911153684344927E-6	0.07495092059708418	0.014189527332461968	5.9564206407513166E-5
73	file:/C:/Users/apovzner/Documents/Hakluyt/CC_ML_FR_trimmed_morphad_lem_AMER/08_46_AMER_1586_The_third_voyage_to_Virginia_made_by_a_ship_sent_in_the_yeere_1586_for_the_reliefe_of_the_colonie_pl_pp.346-348.txt	0.23772859007288258	6.14953757638501E-5	0.4794963480788681	0.11777413884721862	9.46308822340448E-4	0.15279227243145282	1.0624488031574224E-4	0.006909913111593137	3.852887979307954E-4	0.0037993995816340237
74	file:/C:/Users/apovzner/Documents/Hakluyt/CC_ML_FR_trimmed_morphad_lem_AMER/08_47_AMER_1586_A_briefe_and_true_report_of_the_commodities_aswell_marchantable_as_others_which_are_to_be_found_and__pp.348-374.txt	0.05175982872503373	5.714747893003146E-6	0.264571002119213	0.0015450253963112846	0.6701097389619618	3.931450080322773E-4	9.87330670615527E-6	0.0015233574023675999	0.010022977579435093	5.9336753046119916E-5
75	file:/C:/Users/apovzner/Documents/Hakluyt/CC_ML_FR_trimmed_morphad_lem_AMER/08_48_AMER_1586_A_description_of_the_nature_and_maners_of_the_people_of_Virginia_pp.374-386.txt	0.08554838521220959	1.288104164083815E-5	0.5539692222968997	0.0067929412282085756	0.3193259842481496	8.861488405379468E-4	2.2254433125643845E-5	0.033227733687555154	8.070397144906124E-5	1.3374504022390822E-4
76	file:/C:/Users/apovzner/Documents/Hakluyt/CC_ML_FR_trimmed_morphad_lem_AMER/08_49_AMER_1587_The_fourth_voyage_made_to_Virginia_with_3_ships_Anno_1587_wherein_was_transported_the_second_colonie_pp.386-402.txt	0.02980572302078261	8.758165399408066E-6	0.30418062154486153	5.671432617997626E-4	0.11537913281500929	0.5358585459160342	1.513138545927193E-5	8.376258985287186E-5	5.487279290357088E-5	0.014046308507897566
77	file:/C:/Users/apovzner/Documents/Hakluyt/CC_ML_FR_trimmed_morphad_lem_AMER/08_50_AMER_1587_The_names_of_all_the_men_women_and_children_which_safely_arrived_in_Virginia_and_remayned_to_inhabit_pp.402-403.txt	0.7913603599044997	7.359129303837996E-5	0.0064181606544995995	9.828510694062978E-4	0.02761080203097968	0.14880235525308538	1.271428627604158E-4	7.03822891485121E-4	0.023156808875307317	7.641051649381291E-4
78	file:/C:/Users/apovzner/Documents/Hakluyt/CC_ML_FR_trimmed_morphad_lem_AMER/08_51_AMER_1593_A_letter_of_M_John_White_to_M_Richard_Hakluyt_written_in_February_1593_pp.404-406.txt	0.2343700850268705	6.228285210321432E-5	0.4920392456386419	8.318207938457235E-4	0.004159790782467705	0.26359522467520236	1.0760539447453877E-4	5.956696131750624E-4	3.9022259674776174E-4	0.003848052626471354
79	file:/C:/Users/apovzner/Documents/Hakluyt/CC_ML_FR_trimmed_morphad_lem_AMER/08_52_AMER_1590_The_fifth_voyage_to_Virginia_made_by_master_John_White_in_the_yeere_1590_pp.406-422.txt	5.246215105693264E-4	8.439046603299089E-6	0.137373689138334	0.020499918810821333	0.03222887531412234	0.656007702317149	1.4580047445999186E-5	5.144809992624226E-4	5.287340846494081E-5	0.15277481940722742
80	file:/C:/Users/apovzner/Documents/Hakluyt/CC_ML_FR_trimmed_morphad_lem_AMER/08_53_AMER_1524_The_voyage_of_John_de_Verazzano_a_Florentine_to_the_coast_of_Florida_sailing_from_thence_Northerly_t_pp.423-438.txt	9.018602680099452E-5	8.377271784089549E-6	0.18717833017410335	1.118829441875081E-4	0.3674266109094139	0.08325058975391507	1.4473319774334116E-5	0.23346271395273868	0.0637805748240469	0.06467626082323516
81	file:/C:/Users/apovzner/Documents/Hakluyt/CC_ML_FR_trimmed_morphad_lem_AMER/08_54_AMER_1587_An_Epistle_Dedicatorie_to_sir_Walter_Ralegh_prefixed_by_master_Richard_Hakluyt_before_the_history_of_pp.439-445.txt	0.31762362561339874	1.8434441342807058E-5	0.5274912219006964	0.04667555482862469	0.07419162425818236	0.004110807379490142	3.1848980347323026E-5	0.006809070651424819	0.02285640544633192	1.9140650016085027E-4
82	file:/C:/Users/apovzner/Documents/Hakluyt/CC_ML_FR_trimmed_morphad_lem_AMER/08_55_AMER_1587_The_Preface_of_master_Rene_Laudonniere_before_the_sayd_Historie_pp.446-448.txt	0.19713511092717378	5.238781628986578E-5	0.6400591472677546	0.008777932781018653	0.057354017405146805	9.112548223705799E-4	9.050985057955859E-5	0.011272054702180014	0.08380363691203709	5.43947515449139E-4
83	file:/C:/Users/apovzner/Documents/Hakluyt/CC_ML_FR_trimmed_morphad_lem_AMER/08_56_AMER_1587_A_description_of_the_West_Indies_in_general_but_more_chiefly_andamp_particularly_of_Florida_pp.448-456.txt	0.03111633688166993	1.4690112704791126E-5	0.23837560496820526	1.961943102980005E-4	0.4472321102243723	0.0025207591340696946	2.5379945187078282E-5	0.166257610231169	0.08843614038031365	0.025825173812010285
84	file:/C:/Users/apovzner/Documents/Hakluyt/CC_ML_FR_trimmed_morphad_lem_AMER/08_57_AMER_1587_The_voyage_of_captaine_John_Ribault_to_Florida_1562_pp.457-468.txt	0.0023939515468578126	1.1064299970503204E-5	0.32911036120173404	1.4776964242997813E-4	0.10936249214037766	0.06559405386637772	1.9115668642431695E-5	0.43914958231329443	6.932148608947731E-5	0.054142287834226
85	file:/C:/Users/apovzner/Documents/Hakluyt/CC_ML_FR_trimmed_morphad_lem_AMER/08_58_AMER_1587_An_oration_of_captaine_John_Ribault_to_his_company_pp.468-486.txt	0.004078285626262118	7.771573025507203E-6	0.5882864308522089	0.0029000277136797988	0.06523190190195653	0.028097523881060082	1.3426860730647706E-5	0.31005686108113967	4.869146650192934E-5	0.001279079043434785
86	file:/C:/Users/apovzner/Documents/Hakluyt/CC_ML_FR_trimmed_morphad_lem_AMER/09_01_AMER_1564_The_voiage_of_captaine_Rene_Laudonniere_to_Florida_1564_where_he_fortified_and_inhabited_two_summers_pp.001-046.txt	4.991076114493466E-4	3.0255036353434336E-6	0.4523376064011395	5.069435876621891E-4	0.06722779444303886	0.045151142482985886	5.227129156284729E-6	0.42597664046528266	1.895577747623054E-5	0.008273556598173694
87	file:/C:/Users/apovzner/Documents/Hakluyt/CC_ML_FR_trimmed_morphad_lem_AMER/09_02_AMER_1565_An_oration_of_Laudonniere_to_his_mutinous_souldiers_pp.046-082.txt	3.9388863858849996E-5	3.6587842875061656E-6	0.5387434852773866	0.012461023494897094	0.10104613730149536	0.02488795931933948	6.32124113234093E-6	0.32275111273430085	2.2923489490245768E-5	3.7989493811718985E-5
88	file:/C:/Users/apovzner/Documents/Hakluyt/CC_ML_FR_trimmed_morphad_lem_AMER/09_03_AMER_1565_A_second_voyage_of_captaine_John_Ribault_to_Florida_1565_pp.082-085.txt	0.014702146053815361	3.967457895151277E-5	0.6193256116737621	5.298752167651455E-4	0.0026498135882937947	0.10061530443776523	6.854533109071345E-5	0.259369220435728	0.002287863881094757	4.1194480273347103E-4
89	file:/C:/Users/apovzner/Documents/Hakluyt/CC_ML_FR_trimmed_morphad_lem_AMER/09_04_AMER_1565_A_letter_of_the_lord_admirall_of_France_unto_M_Laudonniere_pp.085-100.txt	0.0010459570692508211	9.21009448967696E-6	0.47941329377904224	0.0266335524334798	0.003455545963956139	0.19141486241324504	1.5912178348337363E-5	0.2879168775210248	5.7704277609157764E-5	0.01003708426955403
90	file:/C:/Users/apovzner/Documents/Hakluyt/CC_ML_FR_trimmed_morphad_lem_AMER/09_05_AMER_1568_The_voyage_of_captaine_Dominique_Gourgues_to_Florida_1567_pp.100-112.txt	1.1877564727655413E-4	1.1032927315474964E-5	0.5357346653451303	0.006952514302506117	0.04383624472108308	0.08639065086741357	1.906146645344984E-5	0.32675337389757203	6.912492606535214E-5	1.1455589918422465E-4
91	file:/C:/Users/apovzner/Documents/Hakluyt/CC_ML_FR_trimmed_morphad_lem_AMER/09_06_AMER_1586_The_relation_of_Pedro_Morales_a_Spaniard_whom_sir_Francis_Drake_brought_from_S_Augustines_in_Florida_pp.112-113.txt	0.10182610871373317	1.30250442889392E-4	0.17873275783148065	0.456994530869002	0.0020043318979512392	0.0022656287779229812	2.2503224907507218E-4	0.1485340792729283	0.014205913912566901	0.09508136603245028
92	file:/C:/Users/apovzner/Documents/Hakluyt/CC_ML_FR_trimmed_morphad_lem_AMER/09_07_AMER_1586_The_relation_of_Nicolas_Burgoignon_alias_Holy_whom_sir_Francis_Drake_brought_also_from_S_Augustines_pp.113-115.txt	0.07965712328513483	6.677183187953181E-5	0.16026788571478476	0.48481779434259725	0.1074225870641816	0.0011614561955030646	1.153609551675267E-4	0.1550830766883165	0.01071464584999967	6.932980724353074E-4
93	file:/C:/Users/apovzner/Documents/Hakluyt/CC_ML_FR_trimmed_morphad_lem_AMER/09_08_AMER_1539_A_Briefe_discourse_of_the_famous_cosmographer_pp.115-116.txt	0.03180135403969743	1.4697863080195616E-4	0.1941328137618774	0.3872558234706168	0.002261750144555953	0.0025566056306419627	0.015363456697918101	0.32626044705534224	0.03869467792505104	0.0015260926434970741
94	file:/C:/Users/apovzner/Documents/Hakluyt/CC_ML_FR_trimmed_morphad_lem_AMER/09_09_AMER_1539_An_extract_of_a_letter_of_C_Francis_Vasquez_de_Coronado_pp.116-118.txt	7.833620339796919E-4	7.276555910890516E-5	0.13351224730801087	0.22912277042674925	0.41627965851493326	0.005005892973051211	1.2571625138647135E-4	0.21388615522796675	4.5590021122064684E-4	7.555314935929702E-4
95	file:/C:/Users/apovzner/Documents/Hakluyt/CC_ML_FR_trimmed_morphad_lem_AMER/09_10_AMER_1539_A_letter_of_the_sayd_Francis_Vasquez_de_Coronado_governour_of_Nueva_Galicia_pp.118-120.txt	6.378385617744378E-4	5.924805843978408E-5	0.3005685534631764	0.24442124228557519	0.031365470544269	0.0010305846433952496	1.0236221503951433E-4	0.40864681593421964	3.7120861418359004E-4	0.01279667567992726
96	file:/C:/Users/apovzner/Documents/Hakluyt/CC_ML_FR_trimmed_morphad_lem_AMER/09_11_AMER_1539_A_letter_written_by_Don_Antonio_de_Mendoca_a_viceroy_of_Nueva_Espanna_to_the_emperour_Charles_the_fi_pp.121-124.txt	3.798651282129437E-4	3.52852158279442E-5	0.39845839330849436	0.3087959195316493	5.429792178910314E-4	0.006054788814989939	6.0961876986510445E-5	0.2778296657193752	2.2107350710862852E-4	0.007621067679464089
97	file:/C:/Users/apovzner/Documents/Hakluyt/CC_ML_FR_trimmed_morphad_lem_AMER/09_12_AMER_1539_The_voyage_of_frier_Marco_de_Nica_from_the_towne_of_S_Michael_in_the_province_of_Culiacan_to_the_kin_pp.125-144.txt	7.76191862005426E-5	7.209953044018877E-6	0.16035504920946334	0.16982858848603877	0.13018962963720584	1.2541283347400383E-4	1.2456556102454296E-5	0.5340956763510122	4.517273220892329E-5	0.005263185055249971
98	file:/C:/Users/apovzner/Documents/Hakluyt/CC_ML_FR_trimmed_morphad_lem_AMER/09_13_AMER_1540_The_voyage_of_Francis_Vasquez_de_Coronado_from_Nueva_Galicia_to_Cibola_Acuco_Tiguex_Quivira_andamp_t_pp.145-166.txt	6.84826409760075E-5	6.361270324217409E-6	0.2428409623494129	0.19005562833850675	0.13284847788242735	0.0017455099715991795	1.099029635737033E-5	0.4303558507787323	0.0016747149231608003	3.93021548503168E-4
99	file:/C:/Users/apovzner/Documents/Hakluyt/CC_ML_FR_trimmed_morphad_lem_AMER/09_14_AMER_1540_A_testimony_of_Francis_Lopez_de_Gomara_pp.167-169.txt	6.748305734420165E-4	6.268420200405629E-5	0.10534871549754363	0.042723097743432616	0.6840272445123241	0.07197421335421855	1.0829880225764489E-4	0.06503937995753012	0.02939067952181116	6.508558354361923E-4
100	file:/C:/Users/apovzner/Documents/Hakluyt/CC_ML_FR_trimmed_morphad_lem_AMER/09_15_AMER_1582_A_briefe_relation_of_two_notable_voyages_pp.169-204.txt	3.53531515253044E-5	3.2839118126923517E-6	0.1208056096307999	0.01996159863965928	0.042586724819179314	5.712168758854149E-5	0.7072542465573796	0.10772223997432384	2.057478987821312E-5	0.0015532468378533745
101	file:/C:/Users/apovzner/Documents/Hakluyt/CC_ML_FR_trimmed_morphad_lem_AMER/09_16_AMER_1590_A_letter_intercepted_of_Bartholomew_del_Cano_pp.204-206.txt	0.027331395115706963	6.477112345168662E-5	0.30528252073383133	0.6467419213163793	9.967169855276264E-4	0.011114441689173981	1.1190435335279213E-4	6.194672971533559E-4	0.007064336852629941	6.725245327931317E-4
102	file:/C:/Users/apovzner/Documents/Hakluyt/CC_ML_FR_trimmed_morphad_lem_AMER/09_17_AMER_1540_The_voyage_of_the_right_worshipfull_knight_Francisco_de_Ulloa_pp.206-278.txt	2.0319936408355146E-5	1.8874945040413993E-6	0.10290666514687037	9.953883848857455E-4	0.06813567334956476	0.22909230304381697	3.2610033711898165E-6	0.49917560349283413	0.001758149570881968	0.09791074857686251
103	file:/C:/Users/apovzner/Documents/Hakluyt/CC_ML_FR_trimmed_morphad_lem_AMER/09_18_AMER_1540_The_voyage_and_discovery_of_Fernando_Alarchon_pp.279-318.txt	4.057151400292194E-5	3.768639239917419E-6	0.20856649291571594	0.022908064593618174	0.11705858928218567	0.019823932087556274	2.0022063294016637E-4	0.6313356184398782	2.3611766975105986E-5	3.9130127887650956E-5
104	file:/C:/Users/apovzner/Documents/Hakluyt/CC_ML_FR_trimmed_morphad_lem_AMER/09_19_AMER_1578_An_extract_of_a_Spanish_letter_written_from_Pueblo_de_los_Angeles_in_Nueva_Espanna_in_October_1597_pp.318-319.txt	0.013843294660168986	2.2268284168064E-4	0.06520492559755198	0.5867194894746938	0.0034267086760384675	0.003873435231922843	3.847266817846945E-4	0.1394815943650777	0.012841170439220314	0.17400197203186046
105	file:/C:/Users/apovzner/Documents/Hakluyt/CC_ML_FR_trimmed_morphad_lem_AMER/09_20_AMER_1578_The_voyage_and_course_which_sir_Francis_Drake_held_from_the_haven_of_Guatulco_pp.319-326.txt	0.023984783188386597	1.9274556413284458E-5	0.355368069741976	0.0923943889199007	0.3123734259228194	0.13011959915116156	3.3300437859463195E-5	0.038822423647076776	1.2076144878992977E-4	0.046763972985616305
106	file:/C:/Users/apovzner/Documents/Hakluyt/CC_ML_FR_trimmed_morphad_lem_AMER/09_21_AMER_1584_The_memorable_voyage_of_Francis_Gualle_a_Spanish_captaine_and_pilot_undertaken_at_the_appointment_of_pp.326-337.txt	1.2125104693100202E-4	1.1262864218287082E-5	0.024717823505261135	0.0545685088704309	0.07948478390287839	1.9591080635679325E-4	1.9458725896391674E-5	0.04294748823548762	0.016280208580976608	0.7816533034615629
107	file:/C:/Users/apovzner/Documents/Hakluyt/CC_ML_FR_trimmed_morphad_lem_AMER/09_22_AMER_1555_The_voyage_of_Robert_Tomson_merchant_into_New_Spaine_in_the_yere_1555_pp.338-358.txt	0.024815281764458134	6.252910447832128E-6	0.18085194583547873	0.389944320933657	0.1482626135323061	0.14506113604969545	1.0803084197844826E-5	0.10419409961550928	0.0013247851515688757	0.00552876112268078
108	file:/C:/Users/apovzner/Documents/Hakluyt/CC_ML_FR_trimmed_morphad_lem_AMER/09_23_AMER_1564_The_voyage_of_M_Roger_Bodenham_to_Sant_Juan_de_Ullua_in_the_bay_of_Mexico_and_from_thence_to_the_cit_pp.359-360.txt	0.023427255701223615	8.749100118648725E-5	0.2864489428186451	0.6172675182889708	0.03282584954707146	0.03749843943534215	1.5115723474003258E-4	8.367589002939089E-4	5.481599593171263E-4	9.08427113209405E-4
109	file:/C:/Users/apovzner/Documents/Hakluyt/CC_ML_FR_trimmed_morphad_lem_AMER/09_24_AMER_1572_The_memorable_voyage_of_M_John_Chilton_to_all_the_principall_parts_of_Nueva_Espanna_pp.360-377.txt	7.76191862005426E-5	7.209953044018877E-6	0.08290079199781811	0.6649428833891872	0.10387741785717326	0.024955246485054053	1.2456556102454296E-5	0.07011132214536712	4.517273220892329E-5	0.05306987969784439
110	file:/C:/Users/apovzner/Documents/Hakluyt/CC_ML_FR_trimmed_morphad_lem_AMER/09_25_AMER_1572_The_voyage_of_Henrie_Hawks_merchant_to_Nueva_Espanna_in_which_countrey_he_travelled_for_the_space_of_pp.378-397.txt	0.015844245561837052	6.818295475668626E-6	0.11204193704884106	0.35651210901136265	0.46727233164917864	1.186001836414102E-4	1.1779893654957093E-5	0.042471253729057315	0.004248276945496531	0.0014726476814548044
111	file:/C:/Users/apovzner/Documents/Hakluyt/CC_ML_FR_trimmed_morphad_lem_AMER/09_26_AMER_1568_The_voyage_of_Miles_Philips_one_of_the_company_put_on_shore_by_sir_John_Hawkins_1568_pp.398-445.txt	3.2359883763009923E-5	3.0058707629117017E-6	0.3523744562074779	0.3173892767605884	0.0854864060737254	0.20538675275618837	5.193209659804642E-6	0.03324688980852873	3.278387416040268E-4	0.005747820687701406
112	file:/C:/Users/apovzner/Documents/Hakluyt/CC_ML_FR_trimmed_morphad_lem_AMER/09_27_AMER_1568_The_travels_of_Job_Hortop_set_on_land_by_sir_John_Hawkins_1586_in_the_bay_of_Mexico_somewhat_to_the__pp.445-465.txt	6.637739727793592E-5	6.1657167639147295E-6	0.11526290484641502	0.331897964086272	0.15316741406534892	0.3981592219921815	1.0652440634861048E-5	0.0013266500030549991	3.863024773558566E-5	6.401920431532299E-5
113	file:/C:/Users/apovzner/Documents/Hakluyt/CC_ML_FR_trimmed_morphad_lem_AMER/09_28_AMER_1542_A_relation_of_the_haven_of_Tecuanapa_a_most_convenient_place_for_building_of_ships_pp.466-473.txt	0.036110029671000195	2.0535971142392542E-5	0.07356891257011967	0.3042747732222484	0.11114953073796985	3.572109711927108E-4	0.28609150990183413	0.009696420607004737	1.2866462782792099E-4	0.17860241171966
114	file:/C:/Users/apovzner/Documents/Hakluyt/CC_ML_FR_trimmed_morphad_lem_AMER/10_01_AMER_1516_The_voyage_of_sir_Thomas_Pert_and_Sebastian_Cabot_in_the_yere_1516_to_Brasil_Santo_Domingo_and_Sant__pp.001-006.txt	0.2603642262637914	0.14617822764837737	0.20523105332680391	0.2715739857542788	3.7081128717393044E-4	4.1915249877461054E-4	0.0037574150592525513	2.3046207615092827E-4	1.50975486777207E-4	0.11172369059861918
115	file:/C:/Users/apovzner/Documents/Hakluyt/CC_ML_FR_trimmed_morphad_lem_AMER/10_02_AMER_1516_The_voyage_of_Thomas_Tison_an_English_man_to_the_West_Indies_before_the_yere_1526_pp.006-007.txt	0.6467860002247466	1.900527212186774E-4	0.2119509299259717	0.1002261308904192	0.0029245868419388956	0.013074641263100064	3.283519836857294E-4	0.021355228322954382	0.0011907429394856389	0.0019733348864790466
116	file:/C:/Users/apovzner/Documents/Hakluyt/CC_ML_FR_trimmed_morphad_lem_AMER/10_03_AMER_1562_The_first_voyage_of_the_right_worshipfull_and_valiant_knight_sir_John_Hawkins_sometimes_treasurer_of_pp.007-008.txt	0.1587004974959444	7.67862817495604E-5	0.38559404739037123	0.2378362970453384	0.0011816097544206472	0.2026248104930503	1.32662809407023E-4	0.01257491833931239	4.8109136378763137E-4	7.972790266184611E-4
117	file:/C:/Users/apovzner/Documents/Hakluyt/CC_ML_FR_trimmed_morphad_lem_AMER/10_04_AMER_1565_The_second_voyage_made_by_the_R_W_sir_John_Hawkins_knight_with_the_Jesus_of_Lubec_pp.009-063.txt	2.7238268510256865E-5	2.530130069283787E-6	0.27696646429271804	0.09301934050684145	0.27509409060418866	0.29668741972282714	1.344209969814058E-4	0.04072976014498231	1.585209881058995E-5	0.01732288323407093
118	file:/C:/Users/apovzner/Documents/Hakluyt/CC_ML_FR_trimmed_morphad_lem_AMER/10_05_AMER_1568_The_third_troublesome_voyage_of_the_right_worshipfull_sir_John_Hawkins_pp.064-074.txt	1.298991225242149E-4	1.2066173580318946E-5	0.4860536231147125	0.1812613756978367	0.010729184085946444	0.302250328473589	2.0846594593272815E-5	1.1540018972125414E-4	7.559855447079468E-5	0.019351677993025545
119	file:/C:/Users/apovzner/Documents/Hakluyt/CC_ML_FR_trimmed_morphad_lem_AMER/10_06_AMER_1572_The_first_voyage_attempted_and_set_foorth_by_the_valiant_and_expert_captaine_M_Francis_Drake_pp.075-077.txt	7.417479757527964E-4	6.890007918733279E-5	0.17600064960632725	0.49318761592266036	0.008143239002792386	0.24556143893979185	1.1903790449405701E-4	0.06794730856436189	4.3168170545645026E-4	0.00779838029917574
120	file:/C:/Users/apovzner/Documents/Hakluyt/CC_ML_FR_trimmed_morphad_lem_AMER/10_07_AMER_1575_The_voyage_of_John_Oxnam_of_Plimmouth_to_the_West_India_and_over_the_streight_of_Dariene_into_the_So_pp.077-081.txt	3.235337724357124E-4	3.0052663801304688E-5	0.24359719542643118	0.5364189309287489	0.022088527942460752	0.16426298310003748	5.1921654743604616E-5	0.03272652509466578	1.8828984402156738E-4	3.120395726536561E-4
121	file:/C:/Users/apovzner/Documents/Hakluyt/CC_ML_FR_trimmed_morphad_lem_AMER/10_08_AMER_1576_The_voyage_of_M_Andrew_Barker_of_Bristoll_with_two_shippes_pp.082-088.txt	0.12361420876376267	2.017396003670145E-5	0.20189075251231658	0.31861301894763194	3.1044279552962234E-4	0.3332117959601404	3.4854327548542165E-5	1.9294259279194027E-4	1.263965089325274E-4	0.021985413631309004
122	file:/C:/Users/apovzner/Documents/Hakluyt/CC_ML_FR_trimmed_morphad_lem_AMER/10_09_AMER_1585_The_opinion_of_Don_Alvaro_Bacan_marques_of_Santa_Cruz_and_high_admirall_of_Spaine_pp.088-097.txt	1.4892631962615512E-4	0.3306530264967358	0.13843951811181118	0.22772140383666278	2.1287528269420142E-4	2.406269974915132E-4	0.2261384449638825	1.3230363073578666E-4	8.667198259398645E-5	0.07622620237776613
123	file:/C:/Users/apovzner/Documents/Hakluyt/CC_ML_FR_trimmed_morphad_lem_AMER/10_10_AMER_1585_The_famous_expedition_of_sir_Francis_Drake_to_the_West_Indies_pp.097-120.txt	0.0057627755681110395	5.836470799224467E-6	0.3689053154035538	0.15367640478644753	0.08528895665866729	0.3408980952870555	1.00836060244785E-5	0.042055397373426125	3.6567413247896464E-5	0.003360567432667171
124	file:/C:/Users/apovzner/Documents/Hakluyt/CC_ML_FR_trimmed_morphad_lem_AMER/10_11_AMER_1586_A_resolution_of_the_principall_land-captaines_pp.121-134.txt	0.013594637462331777	1.049150457268453E-5	0.4857165933657264	0.1662345470372485	0.016878742602521597	0.31511478434859996	1.812605637109035E-5	1.0034014595347773E-4	6.573273412976357E-5	0.002266004742544725
125	file:/C:/Users/apovzner/Documents/Hakluyt/CC_ML_FR_trimmed_morphad_lem_AMER/10_12_AMER_1587_A_relation_of_the_surveying_new_building_finishing_making_and_mending_of_certeine_ports_harbours_for_pp.135-156.txt	6.863974384514827E-5	6.375863421169741E-6	0.15294678481940974	0.5699936845082849	0.04565146952777806	0.06499985731815876	1.1015508689515278E-5	6.097839083302362E-5	3.9946885807265754E-5	0.1662212474337724
126	file:/C:/Users/apovzner/Documents/Hakluyt/CC_ML_FR_trimmed_morphad_lem_AMER/10_13_AMER_1589_The_voyage_of_William_Michelson_and_William_Mace_of_Ratcliffe_master_of_a_ship_called_The_Dog_made_t_pp.156-157.txt	0.057084202739451584	9.907526827901217E-5	0.43641148798634616	0.12863593486246785	0.05754220113384273	0.30727391123171627	1.7117124482620897E-4	9.47550164099325E-4	6.207392108063404E-4	0.011213726158164506
127	file:/C:/Users/apovzner/Documents/Hakluyt/CC_ML_FR_trimmed_morphad_lem_AMER/10_14_AMER_1590_Twelve_Spanish_letters_written_from_divers_places_of_the_islands_and_of_the_maine_land_pp.158-178.txt	0.01332029378144254	7.156906833234083E-6	0.24304914881951287	0.6214245268816414	0.039104133706792596	0.07480168097320956	1.2364908750990398E-5	0.005954335208382857	4.127083154210054E-4	0.0019136504980129723
128	file:/C:/Users/apovzner/Documents/Hakluyt/CC_ML_FR_trimmed_morphad_lem_AMER/10_15_AMER_1591_The_voyage_and_valiant_fight_of_The_Content_pp.178-183.txt	2.7329605801329373E-4	2.5386142806242564E-5	0.19794273335520532	0.051228511873265534	3.9064938793111287E-4	0.7220281126595319	4.3859358051326735E-5	0.0028525078325116787	0.004073626887414866	0.02114131644526862
129	file:/C:/Users/apovzner/Documents/Hakluyt/CC_ML_FR_trimmed_morphad_lem_AMER/10_16_AMER_1591_The_voyage_of_M_Christopher_Newport_with_a_fleete_of_3_ships_and_a_Pinnesse_to_the_Isles_of_Dominica_pp.184-190.txt	0.002362116040866664	2.0799431039312267E-5	0.10765481904992197	0.3081783724157106	0.0805025117085553	0.45152167850640396	3.593494687947432E-5	0.018373611864134064	1.3031529091805277E-4	0.03121984074557055
130	file:/C:/Users/apovzner/Documents/Hakluyt/CC_ML_FR_trimmed_morphad_lem_AMER/10_17_AMER_1592_The_voyage_of_M_William_King_Captaine_pp.190-193.txt	4.048288737172542E-4	3.76040681851937E-5	0.04966833291243307	0.174460024557207	0.03343735835174024	0.6133721366925564	6.496813254809814E-5	0.010023965483969468	0.0021684663494040365	0.11636231457823916
131	file:/C:/Users/apovzner/Documents/Hakluyt/CC_ML_FR_trimmed_morphad_lem_AMER/10_18_AMER_1593_The_voyage_of_Henry_May_one_of_M_James_Lancaster_his_company_in_his_navigation_to_the_East_Indies_pp.194-203.txt	1.4999284680486006E-4	1.393265551132766E-5	0.13513407955813156	0.02596726874300866	0.1484562461783641	0.5881967265419761	0.006469368964414105	0.012307702269258189	8.72926789578043E-5	0.08321738956357337
132	file:/C:/Users/apovzner/Documents/Hakluyt/CC_ML_FR_trimmed_morphad_lem_AMER/10_19_AMER_1595_The_voyage_of_sir_Robert_Duddeley_to_the_yle_of_Trinidad_and_the_coast_of_Paria_pp.203-211.txt	0.01627281302243432	1.4926801528783624E-5	0.28057852560583835	0.11605315365924632	0.07465233659276091	0.2634242308730823	0.10974163753719517	0.03159975064674522	0.01467115157394044	0.09299147368722822
133	file:/C:/Users/apovzner/Documents/Hakluyt/CC_ML_FR_trimmed_morphad_lem_AMER/10_20_AMER_1595_The_interpretation_of_certeine_words_of_the_language_of_Trinidad_annexed_to_the_voyage_of_sir_Robert_pp.211-212.txt	0.006595767137204562	0.2891441680418288	0.009253302420262663	0.0014170131707312514	0.4542772100920577	0.04002037368707814	0.09834717901928497	0.09917860019939742	6.647472186311842E-4	0.0011016390135233304
134	file:/C:/Users/apovzner/Documents/Hakluyt/CC_ML_FR_trimmed_morphad_lem_AMER/10_21_AMER_1595_The_voyage_of_sir_Amias_Preston_and_Captaine_George_Sommers_to_the_West_Indies_pp.213-226.txt	1.0387248678726395E-4	9.648590625089663E-6	0.15805494372981377	0.16676520611861412	0.03089684833941758	0.5387603005817133	0.0015044942635511981	0.06010120007681268	6.0451600425091754E-5	0.043743034212240045
135	file:/C:/Users/apovzner/Documents/Hakluyt/CC_ML_FR_trimmed_morphad_lem_AMER/10_22_AMER_1595_The_last_voyage_of_sir_Francis_Drake_andamp_sir_John_Hawkins_pp.226-245.txt	0.001438454320882029	6.648208950174937E-6	0.07610007916852783	0.1299426397365775	0.0288068397028539	0.5499441774350357	1.1486037046717285E-5	6.358308779911054E-5	3.833738764982198E-4	0.21330271842582896
136	file:/C:/Users/apovzner/Documents/Hakluyt/CC_ML_FR_trimmed_morphad_lem_AMER/10_23_AMER_1596_A_libell_of_Spanish_lies_written_by_Don_Bernaldino_delgadillo_de_Avellaneda_pp.246-265.txt	0.03501468405409516	0.19941627228055503	0.3041246667765998	0.11867853727418175	4.58599542423594E-4	0.2725868025218083	0.06001115330257105	7.715440874959932E-4	0.008866445447738762	7.129471253069953E-5
137	file:/C:/Users/apovzner/Documents/Hakluyt/CC_ML_FR_trimmed_morphad_lem_AMER/10_24_AMER_1596_The_voyage_of_sir_Antony_Sherley_to_S_Iago_Dominica_Margarita_along_the_coast_of_Tierra_firma_pp.266-276.txt	0.0037738970135532766	1.182417057150013E-5	0.3365187217267443	0.14541427848558863	0.019630504135670728	0.37641357006890236	2.0428488672483902E-5	1.1308568687203625E-4	0.024384770253047205	0.0937189199703775
138	file:/C:/Users/apovzner/Documents/Hakluyt/CC_ML_FR_trimmed_morphad_lem_AMER/10_25_AMER_1596_The_voyage_of_M_William_Parker_of_Plimmouth_to_Margarita_Jamaica_Truxillo_Puerto_de_cavallos_andampc_pp.277-280.txt	4.0018782080116665E-4	3.717296635022543E-5	0.2382587836209133	0.27563807952885727	5.720284748704909E-4	0.31973444639071225	6.42233226775806E-5	3.5552011089205786E-4	2.329008863300516E-4	0.1647066568775955
139	file:/C:/Users/apovzner/Documents/Hakluyt/CC_ML_FR_trimmed_morphad_lem_AMER/10_26_AMER_1596_An_excellent_ruttier_for_the_islands_of_the_West_Indies_and_for_Tierra_firma_and_Nueva_Espanna_pp.280-305.txt	6.065959663886462E-4	5.3413341060909475E-6	0.023527764350905797	0.0019931636600269767	8.219401092973073E-5	0.06488594356586683	9.228163837997425E-6	0.003894738785823369	3.346521866921098E-5	0.9049615649434454
140	file:/C:/Users/apovzner/Documents/Hakluyt/CC_ML_FR_trimmed_morphad_lem_AMER/10_27_AMER_1596_A_principall_ruttier_conteining_most_particular_directions_to_saile_from_Saint_Lucar_in_Andaluzia_pp.306-332.txt	5.8044275335963266E-5	5.391663068524578E-6	0.014326910502533801	0.0011805432813376368	0.010059781129871655	0.016998939518464307	9.315116629548948E-6	0.018896656101589	3.378054620719729E-5	0.9384306378649624
141	file:/C:/Users/apovzner/Documents/Hakluyt/CC_ML_FR_trimmed_morphad_lem_AMER/10_28_AMER_1596_A_declaration_of_the_Capes_and_Islands_aswell_of_Madera_the_Canaries_and_the_west_Indies_as_of_the_A_pp.332-336.txt	0.007976415164909203	4.83516430622306E-5	0.0017316260321181528	0.042895763577406036	7.440492205487495E-4	8.410479960876321E-4	0.062215891789376906	4.6243233163966146E-4	0.0027882331880284598	0.880296189056823
142	file:/C:/Users/apovzner/Documents/Hakluyt/CC_ML_FR_trimmed_morphad_lem_AMER/10_29_AMER_1596_A_declaration_of_the_longitudes_or_Westerne_and_Easterne_distances_from_Spaine_to_New_Spaine_in_Amer_pp.336-337.txt	9.211766778049673E-4	8.55669959623036E-5	0.0030644261149051894	0.0187355071902119	0.0013167299520413214	0.0014883868660411548	1.4783315220161152E-4	0.0052165363762015264	5.36105432438797E-4	0.9684877312421911
143	file:/C:/Users/apovzner/Documents/Hakluyt/CC_ML_FR_trimmed_morphad_lem_AMER/10_30_AMER_1595_The_Epistle_Dedicatorie_of_sir_Walter_Ralegh_to_the_right_honourable_the_L_Charles_Howard_knight_of__pp.338-342.txt	0.09390495326305687	2.6784121958478384E-5	0.4786792641041838	0.1807073565653784	0.016932739636775166	0.037637193736532265	0.19140963341700176	2.5616180100103555E-4	1.6781135207048073E-4	2.7810200204163483E-4
144	file:/C:/Users/apovzner/Documents/Hakluyt/CC_ML_FR_trimmed_morphad_lem_AMER/10_31_AMER_1595_The_Epistle_of_sir_Walter_Ralegh_to_the_reader_pp.343-348.txt	0.09377476130410177	2.5620157498612427E-5	0.5447916896443956	0.06223583934667318	0.12023092767378614	0.05312110986606205	0.08959254992149916	0.009463235650303659	0.02649824998369255	2.660164519871718E-4
145	file:/C:/Users/apovzner/Documents/Hakluyt/CC_ML_FR_trimmed_morphad_lem_AMER/10_32_AMER_1595_The_voyage_of_sir_Walter_Ralegh_himselfe_to_the_Isle_of_Trinidad_where_he_tooke_the_citie_of_Saint_J_pp.348-431.txt	0.002458977856289578	1.5835992948238515E-6	0.2874718184830671	0.11015217126491515	0.16037774084432807	0.09868149846072019	0.2748826025117861	0.04209773088446144	0.016615042522241507	0.00726083357289607
146	file:/C:/Users/apovzner/Documents/Hakluyt/CC_ML_FR_trimmed_morphad_lem_AMER/10_33_AMER_1594_An_advertisement_to_the_Reader_concerning_certaine_letters_of_the_Spaniards_intercepted_at_Sea_pp.432-433.txt	0.19760080473842032	1.0061237666059177E-4	0.5569555964711388	0.07891649107813635	0.04809190806212526	0.0017500922908265076	0.11394720673931456	9.622509802011042E-4	6.303697014452202E-4	0.001044667561731309
147	file:/C:/Users/apovzner/Documents/Hakluyt/CC_ML_FR_trimmed_morphad_lem_AMER/10_34_AMER_1594_Foure_severall_testimonies_concerning_the_rich_Empire_of_Guiana_pp.433-439.txt	0.00682430085015352	2.5485909292676674E-5	0.295659615172587	0.23089794034604502	0.04755168602370553	0.027953021343320682	0.1795121342731687	0.21115151591938014	1.596776218305672E-4	2.646225405160731E-4
148	file:/C:/Users/apovzner/Documents/Hakluyt/CC_ML_FR_trimmed_morphad_lem_AMER/10_35_AMER_1594_Foure_personall_reports_of_certaine_Spaniards_and_of_a_Frenchman_concerning_El_Nuevo_Dorado_pp.439-441.txt	8.01345080474622E-4	7.443598271373224E-5	0.19779382519902602	0.41038040406528503	0.016449602355901954	0.005120809451228858	0.2488211971899665	0.11931913905419331	4.6636596567364077E-4	7.728756555363847E-4
149	file:/C:/Users/apovzner/Documents/Hakluyt/CC_ML_FR_trimmed_morphad_lem_AMER/10_36_AMER_1596_The_Epistle_of_master_Laurence_Keymis_to_the_reader_pp.441-446.txt	0.19963715031978913	0.008275679739539953	0.6375005258114502	0.020979555577046786	0.08015127551343172	0.019712762336334403	0.03304194077571514	2.558096241026325E-4	1.6758064131947083E-4	2.7771966127054424E-4
150	file:/C:/Users/apovzner/Documents/Hakluyt/CC_ML_FR_trimmed_morphad_lem_AMER/10_37_AMER_1596_De_Guiana_carmen_Epicum_pp.446-452.txt	0.12183011899464082	0.20578241398355918	0.3164685995491713	3.0376819114337006E-4	0.22013874033856068	0.01325561055014393	0.05732465829835972	0.030613844177595946	0.03404608516875074	2.3616074807424392E-4
151	file:/C:/Users/apovzner/Documents/Hakluyt/CC_ML_FR_trimmed_morphad_lem_AMER/10_38_AMER_1596_The_second_voyage_to_Guiana_performed_and_written_in_the_yeere_1596_by_Laurence_Keymis_gentleman_pp.452-490.txt	0.05559997243977399	3.5325589908002204E-6	0.4885631959008174	0.05215919714429742	0.06523977620699357	0.09956453325752983	0.17141287990857626	0.025091131791397714	0.004743082005918424	0.037622698785704616
152	file:/C:/Users/apovzner/Documents/Hakluyt/CC_ML_FR_trimmed_morphad_lem_AMER/10_39_AMER_1596_A_table_of_the_names_of_the_rivers_nations_townes_and_Caciques_or_captaines_pp.490-495.txt	3.812480479456167E-4	3.5413673582067755E-5	0.16509323236389553	0.047800178099993575	0.15526852565533703	0.004256554313653534	0.5352227072171832	0.01854146724104091	0.02024492853270868	0.05315574485465979
153	file:/C:/Users/apovzner/Documents/Hakluyt/CC_ML_FR_trimmed_morphad_lem_AMER/10_40_AMER_1596_A_catalogue_of_the_names_of_those_worthy_Spaniards_that_have_sought_to_discover_and_conquer_Guiana_pp.496-499.txt	0.021751525599467143	4.144966417356653E-5	0.3551523699338712	0.21999813873994795	0.04324843300982217	0.0028515218623036184	0.32391212241018447	0.019571189259042346	2.596958077855438E-4	0.013213553713402017
154	file:/C:/Users/apovzner/Documents/Hakluyt/CC_ML_FR_trimmed_morphad_lem_AMER/10_41_AMER_1596_An_advertisement_of_M_Laurence_Keymis_to_the_reader_pp.499-501.txt	0.03477232557236078	6.035080318965136E-5	0.6349807659539127	0.08766358358070363	0.007132807685860668	0.010355934052101556	0.22035023918843338	5.771916085539807E-4	0.003480173613975981	6.266279409077262E-4
155	file:/C:/Users/apovzner/Documents/Hakluyt/CC_ML_FR_trimmed_morphad_lem_AMER/11_01_AMER_1597_The_3_voyage_set_forth_by_sir_Walter_Ralegh_to_Guiana_with_a_pinnesse_called_The_Wat_begun_in_the_ye_pp.001-015.txt	5.853002526166255E-4	9.415123111124731E-6	0.1227743026326884	0.018031567459826797	0.16323305847105005	0.4255480628302049	0.0319563839205027	0.11575198639919379	5.8988849499609686E-5	0.12205093406130606
156	file:/C:/Users/apovzner/Documents/Hakluyt/CC_ML_FR_trimmed_morphad_lem_AMER/11_02_AMER_1590_Three_testimonies_of_Josepho_de_Acosta_concerning_the_mightie_river_of_Amazones_or_Orellana_and_of_t_pp.016-019.txt	0.05869817897042508	5.1418612157234444E-5	0.2370629167637633	0.02183022443704997	0.09065112549008499	0.03789552350428082	0.22209559982614044	0.1617109626474176	0.07696734704438596	0.0930367027042947
157	file:/C:/Users/apovzner/Documents/Hakluyt/CC_ML_FR_trimmed_morphad_lem_AMER/11_03_AMER_1518_A_briefe_description_of_the_foresayd_river_of_Amazones_or_Orellana_and_of_the_countries_thereabout_a_pp.019-022.txt	0.016809996522173493	3.983705754319153E-5	0.017807819925869807	0.05581835310390276	0.39171246164629975	6.929418587411132E-4	0.08811739047476291	0.1150488971896423	0.028916566761708253	0.28503573545935645
158	file:/C:/Users/apovzner/Documents/Hakluyt/CC_ML_FR_trimmed_morphad_lem_AMER/11_04_AMER_1530_The_first_voyage_of_M_William_Hawkins_of_Plimmouth_father_unto_sir_John_Hawkins_to_Brasil_Anno_1530_pp.023-024.txt	0.3371433112579952	1.7627664825048482E-4	0.47746899750126837	0.0204756523733608	0.002712596603240821	0.03930899412596674	3.045512148385383E-4	0.03792866667322393	0.0011044313017699132	0.08337652230008522
159	file:/C:/Users/apovzner/Documents/Hakluyt/CC_ML_FR_trimmed_morphad_lem_AMER/11_05_AMER_1530_The_second_voyage_of_M_William_Hawkins_to_Brasil_1532_pp.024-024.txt	0.304153966414853	1.155518343175185E-4	0.3842606140411031	0.09657384042358688	0.1502634327369264	0.0614040701775855	1.9963762567243488E-4	0.0011051310934752923	7.239703276854613E-4	0.0011997853247943766
160	file:/C:/Users/apovzner/Documents/Hakluyt/CC_ML_FR_trimmed_morphad_lem_AMER/11_06_AMER_1540_The_voyage_of_M_Robert_Reniger_andamp_M_Tho_Borey_to_Brasil_in_the_yere_1540_pp.025-025.txt	0.8474638372813575	4.819573139428317E-4	0.09157883192279681	0.006436797640854808	0.007416500062167477	0.008383360056031497	8.326723188713937E-4	0.004609412014200335	0.027792424266098167	0.0050042071236792085
161	file:/C:/Users/apovzner/Documents/Hakluyt/CC_ML_FR_trimmed_morphad_lem_AMER/11_07_AMER_1542_The_voyage_of_one_Pudsey_to_Baya_in_Brasil_1542_pp.025-025.txt	0.40937279388764747	3.9409236238820453E-4	0.15590925922944845	0.39013697448528756	0.00606440849759267	0.006855001622870384	6.808690142177528E-4	0.003769076674106151	0.002469118542528154	0.02434840568391324
162	file:/C:/Users/apovzner/Documents/Hakluyt/CC_ML_FR_trimmed_morphad_lem_AMER/11_08_AMER_1578_A_letter_written_to_M_Richard_Staper_by_John_Whithal_from_Santos_in_Brasil_the_26_of_June_1578_pp.026-030.txt	0.09803478672934259	2.8806711934905876E-5	0.1535413664624251	0.2994814350731791	0.34544097177602984	0.08045762075173367	4.976903748937305E-5	2.7550573513677085E-4	0.0016611603074481892	0.02102857741528041
163	file:/C:/Users/apovzner/Documents/Hakluyt/CC_ML_FR_trimmed_morphad_lem_AMER/11_09_AMER_1580_A_letter_of_the_adventurers_for_Brasil_sent_to_John_Whithal_dwelling_at_Santos_by_the_Minion_of_Lond_pp.031-033.txt	0.14796492951497406	5.3102780217204335E-5	0.5314256714617976	0.18631552872191767	0.028112207093069812	0.09918585673892608	9.17450858463835E-5	5.078719339647903E-4	3.3270642064597616E-4	0.006010380248640414
164	file:/C:/Users/apovzner/Documents/Hakluyt/CC_ML_FR_trimmed_morphad_lem_AMER/11_10_AMER_1581_The_voyage_of_M_Stephan_Hare_in_the_Minion_of_London_to_Brasil_anno_1580_pp.034-039.txt	0.002898138922009509	2.5519339273682286E-5	0.143889715307052	0.3610595522085187	0.022691674953661874	0.3585392125453655	4.408948011442228E-5	0.0068025878155869015	1.598870716800317E-4	0.10388962235673732
165	file:/C:/Users/apovzner/Documents/Hakluyt/CC_ML_FR_trimmed_morphad_lem_AMER/11_11_AMER_1596_An_intercepted_letter_of_Francis_Suarez_to_his_brother_Diego_Suarez_dwelling_in_Lisbon_written_from__pp.039-043.txt	3.488617653474568E-4	3.240535066304408E-5	0.13274675142149683	0.7616340471576845	0.0021643112741108355	0.10050256755326066	5.59863658042509E-5	3.099229088332249E-4	2.0303020265191515E-4	0.0020021160001472793
166	file:/C:/Users/apovzner/Documents/Hakluyt/CC_ML_FR_trimmed_morphad_lem_AMER/11_12_AMER_1595_The_prosperous_voyage_of_Master_James_Lancaster_to_the_towne_of_Fernambuck_in_Brasil_1594_pp.043-064.txt	7.041668009538008E-5	6.54092089669242E-6	0.3623281200671821	0.0471561983928802	0.009850627788951443	0.5602329820893539	1.1300676663762122E-5	0.008131501144755277	4.0981025294075895E-5	0.012171331213927201
167	file:/C:/Users/apovzner/Documents/Hakluyt/CC_ML_FR_trimmed_morphad_lem_AMER/11_13_AMER_1597_An_intercepted_letter_written_from_Feliciano_Cieca_de_Carvalho_the_governour_of_Paraiva_in_the_most__pp.064-072.txt	0.07624333201012232	1.7826359936684433E-5	0.4175468122265238	0.4409698109600102	2.7431723879663367E-4	0.043375341537122455	3.079840482984314E-5	0.007500747750657416	1.1168802054095822E-4	0.013929325491459787
168	file:/C:/Users/apovzner/Documents/Hakluyt/CC_ML_FR_trimmed_morphad_lem_AMER/11_14_AMER_1597_A_speciall_note_concerning_the_currents_of_the_sea_betweene_the_Cape_of_Buena_Esperanca_and_the_coas_pp.072-073.txt	0.11377313396889922	3.0702328555896283E-4	0.042557724408731096	0.004100460150725797	0.004724564085990831	0.03690273158218278	5.304407335215168E-4	0.0029363530340834492	0.5700440053509319	0.22412356339937445
169	file:/C:/Users/apovzner/Documents/Hakluyt/CC_ML_FR_trimmed_morphad_lem_AMER/11_15_AMER_1597_An_excellent_ruttier_describing_the_course_to_be_kept_from_Cabo_verde_to_the_coast_of_Brasil_and_all_pp.073-085.txt	1.211808933944554E-4	1.1256347740478796E-5	0.0368537205716328	0.012879113742035571	1.7321597017395235E-4	0.011767414909698225	1.944746744978131E-5	0.007629206406825387	7.052472866698965E-5	0.9304749189623824
170	file:/C:/Users/apovzner/Documents/Hakluyt/CC_ML_FR_trimmed_morphad_lem_AMER/11_16_AMER_1597_A_ruttier_from_the_river_of_Plate_to_the_Streights_of_Magellan_pp.085-090.txt	2.3365995637927145E-4	2.1704392898546896E-5	0.0498643484459366	0.02037093769595956	0.00591206685581749	0.0037243789580052394	3.7498439471078505E-5	0.02475110213714372	1.3598517524003286E-4	0.8949483179431484
171	file:/C:/Users/apovzner/Documents/Hakluyt/CC_ML_FR_trimmed_morphad_lem_AMER/11_17_AMER_1527_A_Voyage_of_two_Englishmen_to_the_river_of_Plate_in_the_company_of_Sebastian_Cabota_1527_pp.091-092.txt	0.09449852212423687	1.2938422507966296E-4	0.18419451516552307	0.4007521172778211	0.0019910022850294033	0.002250561435700291	2.235356941491305E-4	0.06774144357722861	0.180371489610227	0.0678474286050048
172	file:/C:/Users/apovzner/Documents/Hakluyt/CC_ML_FR_trimmed_morphad_lem_AMER/11_18_AMER_1582_The_voyage_of_M_John_Drake_after_his_departure_from_M_Fenton_up_the_river_of_Plate_1582_pp.092-095.txt	0.004983333874003531	0.002299348947269056	0.18426445060735425	0.6276063121455301	6.752438552219332E-4	0.1789452909047995	7.581161761185056E-5	4.1966926618824924E-4	2.7492493691981773E-4	4.5561384510184674E-4
173	file:/C:/Users/apovzner/Documents/Hakluyt/CC_ML_FR_trimmed_morphad_lem_AMER/11_19_AMER_1582_A_Ruttier_which_declareth_the_situation_of_the_coast_of_Brasil_from_the_yle_of_Santa_Catelina_unto_t_pp.096-101.txt	2.409167534690668E-4	2.2378468070273335E-5	0.03876010332857213	0.11762564137160149	0.001494628811317179	3.892601064619574E-4	3.866303168722996E-5	0.09338528091120284	1.4020847836491833E-4	0.747902918739253
174	file:/C:/Users/apovzner/Documents/Hakluyt/CC_ML_FR_trimmed_morphad_lem_AMER/11_20_AMER_1579_The_famous_voyage_of_sir_Francis_Drake_into_the_South_sea_and_therehence_about_the_globe_of_the_whol_pp.101-132.txt	0.013240652983000215	4.1408214605475676E-6	0.2827997028580253	0.07156951426386989	0.27845832875416526	0.2886829516140154	2.1999396624157252E-4	3.9602578146932216E-5	2.5943611257974814E-5	0.06495916854981691
175	file:/C:/Users/apovzner/Documents/Hakluyt/CC_ML_FR_trimmed_morphad_lem_AMER/11_21_AMER_1580_The_names_of_the_kings_of_Java_at_the_time_of_sir_Francis_Drakes_being_there_pp.132-132.txt	0.24380969587585408	0.6093296626162766	0.03260887460542777	0.012160578121624998	0.014011459335398208	0.06263955022836472	0.0015731078322365156	0.008708230089084508	0.005704753244548771	0.009454088051183774
176	file:/C:/Users/apovzner/Documents/Hakluyt/CC_ML_FR_trimmed_morphad_lem_AMER/11_22_AMER_1578_Certaine_words_of_the_naturall_language_of_Java_with_the_interpretation_thereof_pp.132-133.txt	0.0029347665037623666	0.23847844280865246	0.02377502897374244	0.0036408114271222363	0.5646792749639096	0.08881448307057792	4.7097999078820555E-4	0.016619305059930606	0.015720080310308138	0.04486682689120596
177	file:/C:/Users/apovzner/Documents/Hakluyt/CC_ML_FR_trimmed_morphad_lem_AMER/11_23_AMER_1578_The_voyage_of_Nunno_de_Silva_a_Portugal_Pilot_taken_by_sir_Francis_Drake_at_the_yles_of_Cabo_Verde_a_pp.133-146.txt	0.0011316751458186952	9.964878417117646E-6	0.024430218596955017	0.20552481383129947	0.011933915364586918	0.5277381195965837	1.7216210188765958E-5	0.11534003843420727	6.24332476900603E-5	0.11381160469425305
178	file:/C:/Users/apovzner/Documents/Hakluyt/CC_ML_FR_trimmed_morphad_lem_AMER/11_24_AMER_1579_A_letter_written_in_the_South_sea_by_sir_Francis_Drake_unto_his_consort_M_John_Winter_pp.146-147.txt	0.10707451077661838	1.577011845861878E-4	0.5487434369448401	0.08316523681722536	0.002426751937259904	0.1648612244008058	0.02459017454302486	0.0015082450537754937	9.880498994721597E-4	0.06648466844239177
179	file:/C:/Users/apovzner/Documents/Hakluyt/CC_ML_FR_trimmed_morphad_lem_AMER/11_25_AMER_1578_The_voyage_of_M_John_Winter_into_the_South_sea_by_the_Streight_of_Magellan_in_consort_with_sir_Franc_pp.148-162.txt	5.324745490886462E-4	8.565370356151166E-6	0.09232183210382534	0.007598875208387437	0.16170852403154523	0.4201604025833545	1.4798295596142108E-5	0.003163763459173653	0.0493631808687207	0.26512758352995225
180	file:/C:/Users/apovzner/Documents/Hakluyt/CC_ML_FR_trimmed_morphad_lem_AMER/11_26_AMER_1582_Instructions_given_by_the_R_H_the_lords_of_the_councell_to_M_Edward_Fenton_esquire_for_the_order_to__pp.163-171.txt	0.2851696432029468	1.7380448858897584E-5	0.5786277745261466	0.017206006459793102	2.6745542875567305E-4	0.11733276709954862	3.0028009194359E-5	0.0010595877848404566	1.0889424066709794E-4	1.8046279924855378E-4
181	file:/C:/Users/apovzner/Documents/Hakluyt/CC_ML_FR_trimmed_morphad_lem_AMER/11_27_AMER_1582_The_voyage_of_M_Edward_Fenton_and_M_Luke_Ward_his_viceadmirall_with_4_ships_intended_for_China_but_p_pp.172-202.txt	2.674954453415398E-4	4.302924077508241E-6	0.10874958066779525	0.021732329296609676	0.05425336826551507	0.6618216370278541	7.4341143206954945E-6	0.018619605585120918	2.4813129314000485E-4	0.1342961153802252
182	file:/C:/Users/apovzner/Documents/Hakluyt/CC_ML_FR_trimmed_morphad_lem_AMER/11_28_AMER_1587_The_voyage_of_M_Robert_Withrington_and_M_Christopher_Lister_intended_for_the_South_sea_with_two_tal__pp.202-227.txt	0.004335192325108805	5.5453432080328514E-6	0.20998281552278078	0.08130843936528925	0.04569059839647984	0.6069315157946306	9.580628106243774E-6	6.231011562335259E-4	3.197763093954332E-4	0.050793435158767455
183	file:/C:/Users/apovzner/Documents/Hakluyt/CC_ML_FR_trimmed_morphad_lem_AMER/11_29_AMER_1579_A_discourse_of_the_West_Indies_and_the_South_sea_written_by_Lopez_Vaz_a_Portugall_conteining_divers__pp.227-290.txt	1.2442380597996747E-4	2.0014777817350556E-6	0.1904965910866717	0.5930084658927431	0.03130533913556458	0.09025774679399892	3.4579310189378845E-6	0.04353601813589329	0.014106658187743768	0.037159297552604
184	file:/C:/Users/apovzner/Documents/Hakluyt/CC_ML_FR_trimmed_morphad_lem_AMER/11_30_AMER_1587_The_prosperous_voyage_of_M_Thomas_Candish_esquire_into_the_South_sea_and_so_round_about_the_circumfe_pp.290-347.txt	2.394378131425767E-5	2.2241091078438487E-6	0.09336486773417822	0.14613081345014473	0.18866241797844852	0.42016511632989173	3.842568697839073E-6	2.12712515112985E-5	0.002414657229642215	0.14921084556706335
185	file:/C:/Users/apovzner/Documents/Hakluyt/CC_ML_FR_trimmed_morphad_lem_AMER/11_31_AMER_1588_Certaine_rare_and_speciall_notes_most_properly_belonging_to_the_voyage_of_M_Thomas_Candish_about_the_pp.348-376.txt	5.658586339627399E-5	5.256192933900535E-6	1.8824097668125378E-4	0.013578722479123326	0.0017019066191051244	0.02764881569375705	5.49421994852392E-4	5.026992672913328E-5	0.001383784102351996	0.9548369961510695
186	file:/C:/Users/apovzner/Documents/Hakluyt/CC_ML_FR_trimmed_morphad_lem_AMER/11_32_AMER_1588_A_letter_of_M_Thomas_Candish_to_the_R_H_the_olde_Lord_Hunsdon_L_Chamberlaine_one_of_her_Majesties_mo_pp.376-378.txt	0.16387480683476946	7.928984021988314E-5	0.4348458204466297	0.2741194803701567	0.001220135244155182	0.017681320211077108	1.36988179676559E-4	0.0292870347388113	4.96776982772777E-4	0.07825834715173133
187	file:/C:/Users/apovzner/Documents/Hakluyt/CC_ML_FR_trimmed_morphad_lem_AMER/11_33_AMER_1588_Certaine_notes_or_references_taken_out_of_a_large_map_of_China_brought_home_by_M_Thomas_Candish_1588_pp.378-381.txt	5.128845283491534E-4	4.764122825053935E-5	0.03843786276046143	0.8405673325272768	0.0350160174945791	0.003277469350162904	8.230922294077568E-5	0.010250752349511595	0.02478627395807419	0.04702145658039356
188	file:/C:/Users/apovzner/Documents/Hakluyt/CC_ML_FR_trimmed_morphad_lem_AMER/11_34_AMER_1590_The_voyage_of_the_Delight_a_ship_of_Bristol_one_of_the_consorts_of_M_John_Chidley_esquire_and_M_Paul_pp.381-384.txt	0.005520516077879006	3.346440943686127E-5	0.19212782606708484	0.038288790057320346	0.00567521306793073	0.5647697494382784	5.7816089930234514E-5	3.2005168599782724E-4	0.04665194211532954	0.14655463099081215
189	file:/C:/Users/apovzner/Documents/Hakluyt/CC_ML_FR_trimmed_morphad_lem_AMER/11_35_AMER_1590_A_petition_made_in_the_streight_of_Magellan_by_certeine_of_the_company_of_the_Delight_of_Bristoll_un_pp.385-389.txt	0.06196355094396225	3.329261114196429E-5	0.34173182331785423	4.4464062409043883E-4	0.03815990035349797	0.5276452799840439	5.751927591693584E-5	0.0037409162460027533	0.01903238114154927	0.007190695501940273
190	file:/C:/Users/apovzner/Documents/Hakluyt/CC_ML_FR_trimmed_morphad_lem_AMER/11_36_AMER_1592_The_last_voyage_of_M_Thomas_Candish_intended_for_the_South_sea_the_Philippinas_and_the_coast_of_Chin_pp.389-396.txt	0.012548446686887345	1.718091472797723E-5	0.3432604452682654	0.01789158102997463	0.02940688413838038	0.5389935339321852	2.9683276284035028E-5	1.643172797072304E-4	1.0764409357077495E-4	0.05758028338001712
191	file:/C:/Users/apovzner/Documents/Hakluyt/CC_ML_FR_trimmed_morphad_lem_AMER/11_37_AMER_1592_The_testimoniall_of_the_company_of_the_Desire_a_ship_of_M_Candishes_fleet_in_his_last_voyage_touchin_pp.397-416.txt	3.991084575058484E-4	6.420047224155118E-6	0.3239531045969702	0.0027256875656463445	0.08622697967993852	0.5244706297455511	1.1091844557078758E-5	0.0027013453642096927	0.00961002216924617	0.049895610529150904
192	file:/C:/Users/apovzner/Documents/Hakluyt/CC_ML_FR_trimmed_morphad_lem_AMER/11_38_AMER_1596_The_letters_of_the_Queenes_most_excellent_Majestie_sent_in_the_yere_1596_to_the_emperour_of_China_by_pp.417-421.txt	0.33194470524133185	0.4259713664908479	0.16991539659060045	0.00648014612370161	0.03087983636696601	5.147960117985944E-4	5.113181183023144E-5	0.0048467114572670065	0.02908861714329534	3.0729276236092675E-4
193	file:/C:/Users/apovzner/Documents/Hakluyt/CC_ML_FR_trimmed_morphad_lem_AMER/11_39_AMER_1592_Three_severall_testimonies_concerning_the_mighty_kingdome_of_Coray_tributary_to_the_king_of_China_an_pp.422-441.txt	0.37446318551399077	7.312938170202093E-6	0.44832040709256904	0.05497731761203682	0.03694955857876752	1.272041983277638E-4	1.263448236552251E-5	0.07562343046425296	0.00906713020014111	4.5181891937823597E-4
194	file:/C:/Users/apovzner/Documents/Hakluyt/CC_ML_FR_trimmed_morphad_lem_AMER/11_40_AMER_1596_A_briefe_note_concerning_an_extreame_Northerly_province_of_Japan_called_Zuegara_situate_30_dayes_jou_pp.441-442.txt	0.376889314373233	1.1419532822767132E-4	0.03930781684815955	0.08957043755804336	0.30698097044028566	0.0019863596330085415	1.972940051095354E-4	0.012831530598873524	0.08289108273095853	0.08923099848410056
195	file:/C:/Users/apovzner/Documents/Hakluyt/CC_ML_FR_trimmed_morphad_lem_AMER/11_41_AMER_1596_Advertisements_touching_the_ships_that_goe_from_Sivil_to_the_Indies_of_Spaine_together_with_some_sea_pp.442-447.txt	0.04146210984025047	2.8595012085310498E-5	0.4052177868146288	0.17822713343335106	4.40028406610177E-4	0.3738254003407289	4.9403286001497056E-5	2.734810499584377E-4	1.7915717558136075E-4	2.9690464080388946E-4
196	file:/C:/Users/apovzner/Documents/Hakluyt/CC_ML_FR_trimmed_morphad_lem_AMER/11_42_AMER_1596_The_order_of_the_Carena_given_to_the_ships_that_goe_out_of_Spaine_to_the_West_Indies_pp.447-447.txt	0.017765546451304553	1.5643315226547162E-4	0.1664169271871698	0.03425216014768638	0.4205250918474173	0.35651309065357417	2.702678263758081E-4	0.0014961176656346493	9.80105259041597E-4	0.0016242598095301932
197	file:/C:/Users/apovzner/Documents/Hakluyt/CC_ML_FR_trimmed_morphad_lem_AMER/11_43_AMER_1586_The_examination_of_the_Masters_and_Pilots_which_saile_in_the_fleets_of_Spaine_to_the_West_Indies_wri_pp.448-458.txt	0.008603445518321474	0.5269225758307319	0.1789127784211443	0.08353693014532076	0.006708091128231354	0.06665404419566219	0.12572474939215803	0.0014238078940264104	0.0013820101717068529	1.315673026968544E-4
